0.69335	1.61058	1.60994	0.29076	50.00000	18.84766	18.16406
0.69329	1.61048	1.60981	14.87569	50.00000	18.97787	18.55469
0.69328	1.60982	1.60927	14.87213	50.00000	19.53125	20.89844
0.69326	1.61047	1.60960	14.86873	50.00000	18.97787	19.33594
0.69322	1.61019	1.60953	14.86527	50.03255	19.33594	19.53125
0.69319	1.61050	1.60916	14.85744	50.00651	19.79167	20.70312
0.69312	1.61052	1.60942	14.86851	50.06511	19.01042	19.53125
0.69312	1.60942	1.60924	14.85400	49.98698	21.51693	20.50781
0.69301	1.60936	1.60915	14.88024	49.79167	20.70312	20.50781
0.69299	1.60990	1.60948	14.85022	50.30599	19.17318	19.14062
0.69301	1.60912	1.60927	14.85493	51.15886	21.15885	20.31250
0.69293	1.60897	1.60897	14.85400	52.48698	19.43359	20.89844
0.69287	1.60907	1.60897	14.86680	53.31380	20.76823	21.48438
0.69291	1.60844	1.60904	14.83204	52.23307	20.37760	20.70312
0.69281	1.60842	1.60884	14.85652	52.11589	20.14974	22.07031
0.69278	1.60798	1.60942	14.83259	51.26302	20.50781	18.94531
0.69274	1.60754	1.60970	14.85164	51.71224	20.76823	18.16406
0.69268	1.60755	1.60869	14.81898	51.59505	20.05208	22.26562
0.69270	1.60700	1.60868	14.86621	51.58204	20.50781	22.26562
0.69261	1.60653	1.60928	14.82886	52.31771	20.83333	18.94531
0.69250	1.60637	1.60895	14.81757	53.52865	20.05208	20.31250
0.69239	1.60655	1.60898	14.82228	53.84115	19.66146	19.92188
0.69224	1.60624	1.60971	14.79866	55.12370	20.47526	16.99219
0.69222	1.60497	1.60914	14.76692	55.47526	23.86068	19.33594
0.69206	1.60489	1.60900	14.81269	56.49740	26.23698	20.31250
0.69189	1.60519	1.60918	14.78972	57.73438	24.05599	18.94531
0.69161	1.60475	1.60879	14.80116	58.20313	25.26042	19.53125
0.69126	1.60396	1.60880	14.77137	59.84375	26.00912	19.69401
0.69087	1.60364	1.60892	14.76599	59.86329	24.21875	18.91276
0.69079	1.60176	1.60855	14.75272	59.63542	25.97656	20.57292
0.69000	1.60232	1.60875	14.72489	60.67057	25.71615	19.56380
0.68982	1.60354	1.60847	14.70459	60.27995	24.44662	21.38672
0.68914	1.60235	1.60903	14.75187	61.53646	23.89323	20.01953
0.68851	1.59985	1.60840	14.71172	62.01172	26.49740	22.33073
0.68746	1.60177	1.60860	14.63132	63.35938	24.41406	21.09375
0.68616	1.60091	1.60827	14.61076	64.33594	24.38151	23.30729
0.68496	1.59907	1.60813	14.60449	64.31641	25.97656	26.95312
0.68429	1.59974	1.60801	14.69136	64.70703	25.09766	31.34766
0.68220	1.59995	1.60800	14.55402	66.22396	25.09766	28.35287
0.67983	1.59813	1.60801	14.59549	66.04818	26.13932	30.79427
0.67702	1.59753	1.60790	14.47449	66.64714	25.00000	29.88281
0.67334	1.59981	1.60736	14.53389	67.31771	23.56771	30.92448
0.66949	1.59737	1.60729	14.47927	68.17709	25.35807	28.61328
0.66313	1.59694	1.60698	14.39365	69.11459	25.16276	30.82682
0.65594	1.59599	1.60619	14.42122	69.39453	26.17188	31.47787
0.64946	1.59631	1.60677	14.31629	69.19271	25.22787	28.48307
0.64170	1.59527	1.60661	14.36860	70.03255	24.96745	26.62760
0.62861	1.59571	1.60665	14.26798	70.99609	24.12109	25.71615
0.62444	1.59454	1.60548	14.26889	69.44011	24.86979	29.49219
0.60936	1.59449	1.60571	14.20395	70.30599	24.70703	27.11588
0.60296	1.59399	1.60553	14.29958	69.38152	24.34896	25.55338
0.58166	1.59254	1.60603	14.28271	70.91146	26.20443	24.77213
0.56274	1.59576	1.60567	14.22147	71.16537	23.79557	25.94401
0.54399	1.59428	1.60457	14.12623	71.88802	24.05599	26.36719
0.53259	1.59269	1.60542	14.15034	72.51302	24.60938	24.31641
0.51298	1.59083	1.60531	13.99459	73.25521	25.87891	23.92578
0.49073	1.59342	1.60474	14.01252	76.20443	24.05599	24.38151
0.47995	1.59251	1.60620	14.06994	77.93620	24.41406	21.45182
0.46985	1.59007	1.60623	14.08552	77.63673	24.54427	22.13542
0.47229	1.58868	1.60366	13.95208	77.35677	25.65104	23.27474
0.51329	1.58500	1.60463	13.96089	74.01042	26.07422	23.17708
0.51397	1.58870	1.60462	14.21206	73.88673	24.93490	23.56771
0.47131	1.58602	1.60435	13.88651	77.12240	24.64193	23.99088
0.44758	1.58733	1.60453	14.06989	78.78255	24.34896	22.81901
0.45429	1.57898	1.60435	14.09612	78.04037	26.82292	22.52604
0.45008	1.57918	1.60042	13.80343	78.18360	26.20443	25.52083
0.43722	1.57540	1.60005	13.68848	79.12110	26.82292	28.25521
0.43238	1.58461	1.59879	13.58789	79.19271	24.57682	27.79948
0.40767	1.56994	1.59594	13.60655	81.37370	26.59505	30.11068
0.40845	1.57577	1.59332	13.54805	81.72527	27.70182	36.52344
0.39732	1.57189	1.59121	13.46807	82.68880	31.51042	35.18880
0.37997	1.56630	1.59018	13.42817	84.04298	33.82161	33.30078
0.37372	1.56125	1.58856	13.42079	84.61589	33.95182	32.19401
0.39434	1.55806	1.58994	13.40421	82.81251	34.27734	30.46875
0.38318	1.56159	1.58265	13.56738	83.84766	33.56120	35.80729
0.36585	1.55643	1.58541	13.52726	84.42058	34.40755	32.03125
0.37022	1.56111	1.57788	13.55591	84.09505	32.45443	36.97917
0.35408	1.55650	1.58188	13.62388	85.49480	33.75651	33.30078
0.33945	1.54739	1.57603	13.46737	86.13282	36.32812	35.25391
0.37048	1.55189	1.57043	13.45304	84.60287	34.89583	33.72396
0.35364	1.53756	1.57293	13.41711	85.24740	36.81641	33.82161
0.33987	1.54300	1.56987	13.41888	85.89845	36.42578	31.90104
0.33615	1.53305	1.56995	13.34969	85.85938	37.53255	31.86849
0.32886	1.52862	1.56089	13.44232	86.85548	38.67188	33.59375
0.31707	1.52839	1.56065	13.38686	87.37630	37.63021	32.06380
0.30385	1.52899	1.54893	13.09295	87.96876	37.46745	36.03516
0.30024	1.51864	1.54331	13.39332	88.30079	39.51823	37.50000
0.30567	1.51361	1.55025	13.05856	87.64974	40.26693	35.02604
0.29981	1.50348	1.53539	13.12473	88.07943	41.11328	38.02083
0.27835	1.52262	1.53465	13.11355	89.21876	37.69531	37.79297
0.31355	1.50617	1.53553	13.02633	87.14193	40.26693	38.28125
0.32439	1.50437	1.53276	13.15974	86.75130	39.87630	35.74219
0.32159	1.49937	1.53570	13.40068	86.64063	40.42969	40.49479
0.34265	1.50586	1.52979	13.30158	85.67709	39.55078	37.50000
0.31240	1.50384	1.51947	12.91516	87.23308	39.12761	37.69531
0.29506	1.49774	1.51729	13.19997	88.35287	40.00651	37.23958
0.29493	1.49159	1.50366	13.07577	88.18360	40.88542	44.95443
0.27859	1.49757	1.50509	12.96698	89.34896	40.36458	41.14583
0.26820	1.48672	1.49790	13.27587	89.85027	41.01562	43.26172
0.27492	1.48566	1.50370	13.23898	89.53126	41.08073	40.65755
0.25941	1.47924	1.48513	13.14922	90.26042	41.82943	46.12630
0.25421	1.47880	1.47528	13.41653	90.61198	41.53646	46.54948
0.24492	1.47455	1.47862	13.06242	91.13933	41.92708	44.14062
0.23810	1.47916	1.46270	13.06194	91.78386	41.53646	48.37239
0.23382	1.48908	1.46287	13.12599	91.80339	40.29948	48.01432
0.23612	1.47117	1.47572	13.10811	91.36068	42.31771	46.58203
0.25362	1.46902	1.50981	13.02725	90.23438	43.09896	37.66276
0.25081	1.47064	1.47369	13.79325	90.82032	42.31771	49.25130
0.24747	1.47936	1.48080	12.76074	90.87240	41.34114	43.48958
0.24514	1.47459	1.47507	13.36834	90.87891	41.53646	47.36328
0.22972	1.46920	1.45446	12.85622	91.52995	42.87109	46.97266
0.22899	1.48152	1.45424	12.70418	92.02474	41.50391	46.35417
0.24870	1.48542	1.45766	13.25571	90.60548	40.16927	47.55859
0.21415	1.47245	1.43450	12.75455	92.70183	42.31771	48.95833
0.22662	1.47506	1.43704	12.79992	92.18751	41.40625	48.40495
0.25647	1.46048	1.43157	13.04354	90.43620	43.97786	50.45573
0.26317	1.47517	1.44976	13.18814	90.00001	41.95964	45.37761
0.24561	1.47149	1.41703	12.56941	91.35417	41.50391	50.29297
0.22479	1.46108	1.42058	12.45186	91.93360	42.67578	48.69792
0.22491	1.48732	1.43372	12.70749	92.06380	40.20182	48.24219
0.22377	1.46029	1.40630	12.50506	92.03777	43.29427	52.31120
0.22579	1.45743	1.41011	12.34391	92.19402	43.71745	49.73958
0.20636	1.47343	1.40871	12.45860	92.96876	41.30859	48.53516
0.21507	1.45602	1.41674	12.37004	92.27214	43.68489	47.94922
0.20861	1.47513	1.41436	12.56485	92.60417	41.27604	49.34896
0.19463	1.45798	1.38961	12.30111	93.58724	43.22917	50.48828
0.19791	1.46077	1.41362	12.26820	93.49610	42.54557	49.15364
0.19474	1.46401	1.39949	12.20758	93.43751	42.57812	48.17708
0.19697	1.45976	1.39262	12.14941	93.42448	43.19661	51.30208
0.19714	1.47420	1.38893	12.27802	93.36589	40.72266	51.04167
0.20484	1.45082	1.38914	12.30695	92.87110	44.17318	49.96745
0.20077	1.47067	1.39039	12.12893	93.08595	42.25261	51.52995
0.19921	1.46412	1.39070	11.96528	93.13152	42.77344	49.54427
0.19822	1.46227	1.38678	12.30989	93.19011	42.35026	50.71614
0.20029	1.44498	1.37540	12.01384	93.19662	44.85677	51.75781
0.18765	1.45485	1.38629	12.17208	93.77605	43.91276	50.13021
0.19052	1.45656	1.40110	12.14156	93.69792	43.26172	49.41406
0.19081	1.45374	1.37646	11.97030	93.50912	44.01042	52.44141
0.18702	1.45472	1.39557	12.26862	93.70443	44.20573	50.32552
0.20172	1.45424	1.39390	12.14947	92.92970	43.35938	50.45573
0.20648	1.45715	1.39071	12.27601	92.89063	44.14062	54.13411
0.20912	1.47737	1.40421	12.34309	92.55860	40.39714	49.21875
0.19988	1.45463	1.38389	12.09136	93.19011	43.78255	56.21745
0.20352	1.45980	1.36465	12.03117	92.94923	43.13151	57.03125
0.19566	1.46449	1.35806	11.67545	93.58073	42.57812	58.33333
0.18273	1.45513	1.35167	11.73959	93.99089	44.07552	59.44011
0.19667	1.45355	1.37146	11.76351	93.39193	43.39193	55.24089
0.19118	1.44636	1.37020	11.72837	93.47005	45.21484	56.05469
0.21848	1.45002	1.35502	11.82568	92.33073	43.75000	59.60286
0.18806	1.44699	1.33171	11.61810	93.79558	44.23828	63.76953
0.18521	1.45979	1.34793	11.90256	93.93230	43.26172	58.72396
0.18768	1.45265	1.34464	11.36586	93.49610	44.14062	60.28646
0.18486	1.46287	1.33586	11.69800	93.74349	43.03386	61.88151
0.19089	1.44134	1.33038	11.60899	93.63282	45.31250	64.25781
0.18334	1.44973	1.32408	11.54384	93.81511	44.23828	64.22526
0.18787	1.45387	1.32955	11.37980	93.66537	43.58724	65.16927
0.19028	1.44952	1.33584	11.57071	93.69141	44.20573	62.20703
0.17715	1.45953	1.30372	11.42626	94.17970	43.52214	67.48047
0.19435	1.46255	1.32502	11.55622	93.38542	43.22917	65.82031
0.18428	1.44296	1.32416	11.53215	93.60677	45.37761	63.93229
0.19677	1.44718	1.36133	12.12616	93.33985	44.17318	58.98438
0.18347	1.46105	1.30307	11.44720	93.71745	43.13151	68.97787
0.19305	1.45391	1.30581	11.50556	93.70443	43.71745	67.51302
0.18324	1.44818	1.29026	11.39287	93.88673	45.11719	70.34505
0.17532	1.45619	1.29118	11.21719	94.29037	43.71745	71.28906
0.18265	1.44309	1.28441	11.37302	93.84115	44.85677	70.73568
0.18035	1.45658	1.29277	11.36839	93.95834	43.29427	69.75912
0.19001	1.43857	1.31579	11.56312	93.69792	45.57292	66.37370
0.18271	1.44683	1.30708	11.35923	93.90626	44.33594	67.31771
0.17769	1.44785	1.27249	11.31827	94.10157	44.04297	71.22396
0.18582	1.44913	1.27819	11.23000	93.93880	44.92188	69.69401
0.17863	1.43973	1.27311	11.26457	94.05599	45.57292	72.07031
0.17120	1.44761	1.27160	11.30548	94.41407	44.10807	71.41927
0.18074	1.44399	1.27271	11.22373	94.12110	44.82422	72.33073
0.16661	1.44821	1.26500	11.16242	94.51173	44.59636	73.33984
0.18244	1.44329	1.26720	11.28074	93.95834	44.10807	73.11198
0.18196	1.43879	1.27543	11.25388	93.73698	45.31250	71.71224
0.16824	1.43904	1.26458	11.04669	94.44662	45.41016	72.42838
0.17955	1.44445	1.25405	11.27884	94.01693	44.23828	74.70703
0.17690	1.45637	1.26245	11.31698	94.21876	43.39193	71.41927
0.17498	1.45643	1.26153	11.15346	93.99740	43.58724	73.47005
0.18381	1.44068	1.26015	11.19290	93.84115	45.44271	72.07031
0.16485	1.43977	1.25070	11.19429	94.57032	45.57292	73.50260
0.17164	1.43348	1.24318	11.11107	94.32943	45.93099	74.80469
0.19007	1.45353	1.33662	12.09801	93.62630	43.81511	59.89583
0.17464	1.43138	1.26621	11.38527	94.12761	46.77734	69.49870
0.17069	1.44706	1.25338	11.28241	94.36198	44.75911	73.11198
0.16847	1.44524	1.25903	11.21321	94.42709	44.79167	71.19141
0.17096	1.44343	1.23873	11.11143	94.23829	45.83333	74.25130
0.15874	1.43453	1.22862	11.11852	94.96745	46.58203	76.95312
0.17824	1.45179	1.26549	11.35303	94.01693	44.10807	70.31250
0.17153	1.45581	1.24198	11.13067	94.25782	43.26172	72.72135
0.17246	1.44077	1.24466	11.11607	94.23177	46.41927	72.65625
0.16363	1.46426	1.24109	11.05748	94.61589	42.90364	72.42838
0.16621	1.42826	1.22230	11.04924	94.47266	47.20052	75.22787
0.17647	1.43724	1.21853	11.15985	94.38802	45.96354	76.00912
0.17207	1.43816	1.21938	11.10631	94.27084	45.67057	75.32552
0.15743	1.43836	1.23215	11.12713	94.89584	46.25651	73.04688
0.16898	1.42442	1.22026	11.04585	94.42709	48.11198	74.93490
0.16029	1.43438	1.22032	11.10715	94.72657	45.96354	74.77213
0.16049	1.44203	1.20892	11.01885	94.93490	46.12630	76.82291
0.15313	1.43075	1.20865	11.04764	95.10417	47.00521	76.69271
0.18536	1.44035	1.24247	11.33335	93.71095	44.95443	69.56380
0.15676	1.43783	1.21820	11.37304	94.85027	45.99609	73.47005
0.16602	1.42625	1.21973	11.10506	94.50521	47.75391	74.67448
0.16538	1.44303	1.21740	11.24742	94.73308	45.80078	73.47005
0.16160	1.43473	1.21660	11.17675	94.73959	46.32161	74.41406
0.16638	1.44080	1.21243	11.19762	94.53777	45.63802	74.08854
0.17436	1.44240	1.21022	11.02391	94.11459	45.44271	77.57162
0.16548	1.41833	1.20357	11.26437	94.64845	48.92578	75.45573
0.16174	1.42746	1.20002	10.99137	94.92188	47.20052	77.18099
0.16439	1.43115	1.19324	11.14978	94.65495	47.26562	76.56250
0.16468	1.42811	1.19794	11.13993	94.56380	47.20052	76.72526
0.16330	1.42870	1.18708	11.16806	94.72657	47.55859	78.02734
0.15519	1.43494	1.18494	11.03873	94.93490	46.22396	78.58073
0.16283	1.42129	1.17516	11.08965	94.64845	47.72136	78.67838
0.15477	1.43246	1.17677	11.04615	94.98698	47.29818	79.62240
0.15404	1.42783	1.17462	11.10881	94.86329	47.68880	79.85026
0.15048	1.43980	1.19568	11.12281	95.22787	46.02864	75.22787
0.18335	1.41456	1.28934	11.90404	93.69792	48.99089	60.77474
0.16743	1.44086	1.18708	11.38447	94.38802	45.99609	77.44141
0.15368	1.42429	1.16725	11.07966	95.01954	48.04688	80.11068
0.16296	1.41927	1.17813	10.95504	94.57032	48.66536	78.15755
0.16935	1.42752	1.18950	10.93289	94.12761	47.88411	75.35807
0.16384	1.42120	1.17738	11.12353	94.67448	48.04688	78.02734
0.15835	1.43245	1.16759	11.00010	94.66146	47.65625	78.93880
0.16574	1.41811	1.17224	11.10892	94.59636	48.43750	78.32031
0.15883	1.43305	1.17877	11.12598	94.54427	46.35417	78.25521
0.15079	1.42123	1.15929	11.14013	95.16277	47.81901	80.27344
0.15443	1.42795	1.18096	11.21779	94.96095	47.03776	75.84635
0.15716	1.41212	1.15709	11.10929	95.07162	49.44661	79.55729
0.16184	1.41232	1.19253	11.40811	94.38802	49.41406	75.16276
0.15970	1.41849	1.14433	10.99173	94.63542	49.05599	81.34766
0.14922	1.43119	1.16016	11.17344	95.15626	46.71224	79.13412
0.16467	1.43108	1.16692	11.26326	94.51173	46.80989	77.63672
0.17317	1.43696	1.20223	11.43605	94.24480	45.93099	73.33984
0.14760	1.41460	1.16652	11.19714	95.26042	48.89323	78.71094
0.15796	1.41899	1.14400	11.07145	94.85677	48.60026	80.63151
0.15478	1.40939	1.15762	11.07840	95.14323	49.51172	79.42709
0.15133	1.40887	1.16599	11.25049	95.23438	49.15364	78.19010
0.16366	1.42184	1.15701	11.00328	94.65495	47.52604	79.65495
0.15584	1.42844	1.15062	11.25689	94.87630	46.84245	78.71094
0.16676	1.43014	1.17756	11.15704	94.51823	45.99609	77.05078
0.14468	1.41108	1.13979	11.15302	95.39714	48.79557	81.05469
0.15335	1.42455	1.15124	10.88115	95.01954	47.65625	79.45963
0.14965	1.41751	1.14070	11.11306	95.11720	47.85156	81.02213
0.15263	1.41440	1.14754	10.99414	95.03255	48.73047	79.94791
0.15750	1.41875	1.14979	11.08902	94.83073	47.55859	78.93880
0.15657	1.41859	1.15462	11.17197	94.72005	47.78646	79.19922
0.15417	1.41213	1.13227	11.11677	95.00001	49.34896	81.44531
0.15376	1.41777	1.12985	10.93407	94.97396	47.29818	82.12891
0.14086	1.41129	1.13029	10.93624	95.41667	48.60026	82.25912
0.14923	1.40750	1.13398	11.15110	95.11720	48.69792	81.02213
0.14751	1.41634	1.13252	10.98091	95.22136	47.94922	81.90104
0.15249	1.40884	1.15111	11.09726	94.94141	49.12109	78.58073
0.14726	1.40772	1.14989	11.09454	95.22136	49.25130	78.67838
0.16178	1.41817	1.14379	10.95504	94.66798	47.88411	79.39453
0.16628	1.41876	1.15293	11.10429	94.40105	47.29818	77.47396
0.15097	1.40114	1.16091	11.32885	95.01954	49.70703	77.24609
0.16820	1.42382	1.17356	11.28936	94.21876	46.84245	76.20443
0.16068	1.41086	1.18941	11.47712	94.77865	49.34896	73.17709
0.15685	1.41745	1.19274	11.65063	94.90235	47.33073	72.46094
0.15263	1.42051	1.15644	11.18529	95.07162	46.97266	77.96224
0.15679	1.40617	1.14787	10.89943	94.90886	49.21875	78.09245
0.15873	1.41912	1.14603	11.05525	94.63542	47.13542	79.42709
0.15145	1.40537	1.13741	11.00341	95.05860	48.53516	80.56641
0.16068	1.41170	1.14076	10.91529	94.70052	48.53516	79.68750
0.14953	1.41229	1.11928	10.86587	95.13673	48.79557	82.64974
0.14105	1.42413	1.15736	10.94172	95.38412	47.07031	76.36719
0.14542	1.41142	1.12771	11.00814	95.13673	48.04688	80.27344
0.15031	1.40978	1.11072	10.95644	95.17579	48.53516	82.74740
0.14570	1.40228	1.12104	10.87060	95.25391	48.99089	80.66406
0.14596	1.41264	1.13702	11.13584	95.41016	47.65625	79.68750
0.15365	1.40073	1.11638	11.00136	95.02605	49.70703	82.84505
0.15744	1.40519	1.15670	11.23163	94.92839	48.04688	76.95312
0.14916	1.40996	1.12131	10.86557	95.13021	47.98177	81.02213
0.15763	1.41982	1.14750	11.28745	94.73959	47.39583	78.38541
0.14884	1.39939	1.12741	10.78623	95.01302	49.34896	80.92448
0.13412	1.40199	1.12647	11.00336	95.82683	49.15364	80.66406
0.14167	1.40328	1.14761	10.93008	95.47527	49.12109	77.47396
0.14887	1.40341	1.13138	11.24994	95.16927	49.41406	79.91537
0.14951	1.39908	1.12292	10.92334	95.27995	49.44661	81.54297
0.15989	1.40512	1.12922	11.22825	94.91537	48.69792	78.90625
0.14768	1.41943	1.13176	10.76514	95.37110	46.54948	80.79427
0.14931	1.39962	1.11471	10.83472	95.13021	49.54427	81.70573
0.14771	1.39965	1.13665	10.79439	95.20834	49.38151	79.58984
0.15918	1.40481	1.14467	10.98603	94.89584	48.50261	77.60416
0.13957	1.40396	1.11252	10.84577	95.52084	49.47917	81.99870
0.14452	1.40045	1.10049	10.71326	95.59245	49.70703	84.47266
0.13916	1.39327	1.10498	10.80619	95.65755	50.00000	83.07291
0.14659	1.40240	1.10531	10.75071	95.18230	49.44661	83.65885
0.14335	1.39764	1.11086	10.84357	95.26693	50.06511	82.68229
0.14512	1.40546	1.12510	10.75952	95.26693	49.44661	80.66406
0.15077	1.40164	1.10933	10.80527	95.16927	48.69792	82.19401
0.14585	1.38859	1.10678	10.77618	95.24089	50.78125	82.32422
0.14002	1.39958	1.10104	10.72013	95.55990	49.28386	83.62630
0.14813	1.40255	1.12013	10.80399	95.25391	48.95833	80.69662
0.14598	1.39988	1.11713	10.86305	95.16277	49.70703	81.51041
0.14216	1.39561	1.10421	10.79028	95.50130	49.90234	82.51953
0.14927	1.40370	1.14501	11.20955	95.13021	49.28386	77.99479
0.14123	1.39323	1.10468	10.99500	95.46224	50.45573	82.87760
0.13748	1.39774	1.11187	10.97512	95.64454	49.41406	81.47787
0.14246	1.40401	1.11157	10.92610	95.37761	49.80469	81.83594
0.15026	1.40253	1.10931	10.82869	95.00652	49.25130	81.90104
0.13957	1.39538	1.10607	10.57466	95.41016	49.90234	82.35677
0.14095	1.39542	1.10449	10.72775	95.46876	49.41406	82.51953
0.15138	1.38294	1.11278	10.74266	95.09766	51.56250	81.38021
0.13962	1.38225	1.12100	10.98582	95.70313	50.97656	80.33854
0.13718	1.39727	1.10686	10.78182	95.63152	49.77214	82.38932
0.13517	1.39134	1.09976	10.74237	95.70313	50.19531	83.46354
0.13861	1.40063	1.10132	10.65220	95.63152	49.25130	82.58463
0.15498	1.40052	1.12124	10.92929	94.94792	49.38151	80.69662
0.15001	1.39984	1.12962	10.84599	94.95443	48.95833	79.45963
0.14279	1.38749	1.11600	10.81216	95.34505	51.04167	80.66406
0.14906	1.40666	1.12623	10.76960	95.26042	48.63281	80.37109
0.13965	1.39178	1.09831	10.71599	95.52084	50.22786	83.88672
0.15462	1.39023	1.09219	10.71639	94.86980	50.39062	83.88672
0.13752	1.38298	1.09463	10.84275	95.66407	50.91146	83.46354
0.13422	1.39390	1.08842	10.62537	95.78126	50.42318	84.99349
0.13673	1.38127	1.09338	10.70695	95.66407	51.36719	83.78906
0.14563	1.39176	1.11712	10.89114	95.27345	50.16276	80.72916
0.15733	1.38244	1.12719	10.98483	94.66798	50.78125	78.97135
0.13766	1.38357	1.09964	10.68255	95.61849	51.39974	82.68229
0.13486	1.38040	1.09358	10.63249	95.73568	51.79036	83.49609
0.13683	1.38001	1.09021	10.51239	95.51433	51.95312	84.34245
0.13965	1.38245	1.08779	10.67366	95.42970	51.85547	84.50521
0.14254	1.38081	1.08467	10.70710	95.35808	52.11589	84.40755
0.13697	1.37540	1.10822	10.74530	95.69011	51.88802	81.31510
0.15386	1.38832	1.10539	10.91722	94.94141	50.91146	82.38932
0.14770	1.37226	1.11594	10.93853	95.25391	52.76693	80.69662
0.14822	1.38235	1.11751	10.94427	95.06511	51.20443	80.14323
0.14528	1.37757	1.09902	10.80104	95.54688	51.92057	82.58463
0.14634	1.38901	1.13256	11.01649	95.25391	50.39062	78.38541
0.13469	1.38488	1.11105	10.98984	95.74220	51.46484	81.05469
0.15733	1.37897	1.17218	11.31271	94.75261	51.79036	73.56771
0.15367	1.37957	1.14096	10.98379	95.00652	50.78125	78.28776
0.14693	1.39471	1.11649	10.75546	95.35808	49.73958	80.59896
0.13909	1.38964	1.11495	10.61878	95.39063	50.45573	80.33854
0.13537	1.37632	1.10042	10.63084	95.74870	51.95312	82.12891
0.13518	1.37881	1.10519	10.49462	95.78126	52.11589	81.54297
0.13986	1.36991	1.10550	10.64710	95.48829	52.96224	81.80338
0.14384	1.38672	1.11623	10.51824	95.45573	50.74870	80.56641
0.13181	1.36841	1.08868	10.72135	95.81380	52.86458	83.13802
0.13129	1.37355	1.07283	10.42578	95.88542	52.14844	86.42578
0.12668	1.38003	1.08507	10.70480	95.97657	51.79036	84.86328
0.13546	1.38633	1.09107	10.44396	95.70964	50.97656	83.26823
0.13724	1.38730	1.08251	10.70733	95.52735	50.81380	83.78906
0.12805	1.38310	1.11508	10.83378	95.87240	51.30208	80.95703
0.13395	1.37757	1.09140	10.86109	95.75521	52.05078	83.82162
0.14016	1.37435	1.11147	10.74174	95.44923	52.21354	81.05469
0.13658	1.37035	1.10625	10.70644	95.57943	52.47396	81.93359
0.13422	1.37737	1.08178	10.54805	95.83334	52.47396	84.01693
0.13065	1.38712	1.07035	10.64724	95.90495	50.71614	86.23047
0.14125	1.37407	1.08830	10.62470	95.39063	52.37630	83.56120
0.13933	1.36911	1.08757	10.58964	95.42318	53.15755	84.14713
0.13645	1.37674	1.11054	10.69897	95.75521	52.05078	80.76172
0.13126	1.38709	1.08822	10.56262	95.82683	50.65104	84.08203
0.13323	1.36325	1.06880	10.61432	95.78777	53.97136	85.44922
0.13312	1.36379	1.07125	10.49906	95.67058	53.38542	85.74219
0.12939	1.37545	1.10276	10.75448	95.82032	52.31120	81.70573
0.12986	1.36341	1.09318	10.63539	95.95704	54.03646	83.46354
0.13743	1.36447	1.08341	10.63561	95.47527	53.84114	84.86328
0.12812	1.38554	1.10538	10.62914	95.89193	50.78125	81.44531
0.13346	1.36523	1.08621	10.50595	95.83334	53.38542	83.85416
0.13713	1.37542	1.10033	10.68581	95.40365	51.79036	82.45443
0.13351	1.35744	1.07555	10.38362	95.55990	54.19922	85.61198
0.12888	1.35723	1.08203	10.44035	95.91798	54.13411	83.95182
0.13437	1.37455	1.07732	10.41602	95.62501	52.18099	85.28646
0.12559	1.36608	1.07255	10.59234	95.90495	52.89714	85.44922
0.13429	1.37133	1.07695	10.57486	95.50130	52.37630	84.44010
0.13164	1.36489	1.09260	10.52661	95.87240	53.77604	82.12891
0.13292	1.36403	1.09443	10.75316	95.72266	53.77604	82.77995
0.13088	1.37877	1.07566	10.40811	95.78126	51.30208	84.76562
0.12660	1.37105	1.08107	10.41679	95.95704	52.40886	84.73307
0.12888	1.36843	1.06117	10.30901	95.93751	52.76693	86.88151
0.12300	1.35702	1.06101	10.52345	96.08073	54.78516	86.32812
0.13631	1.37540	1.09180	10.67941	95.56641	52.34375	83.23568
0.13274	1.36260	1.08788	10.76209	95.60548	53.48307	83.13802
0.13578	1.36798	1.07794	10.58030	95.69662	52.89714	84.83073
0.12726	1.36764	1.06859	10.50111	95.97657	52.63672	85.97005
0.12758	1.36536	1.06739	10.61003	95.88542	53.15755	86.00260
0.13292	1.34589	1.07384	10.46575	95.65105	55.92448	85.22135
0.12326	1.36421	1.08745	10.56411	96.09376	53.77604	83.85416
0.13162	1.37488	1.08324	10.49334	95.82683	52.27864	84.53776
0.12451	1.36590	1.06471	10.46648	96.00261	53.48307	86.39323
0.13079	1.38381	1.08141	10.51729	95.90495	50.81380	84.50521
0.12833	1.35789	1.06447	10.46121	95.91798	53.90625	86.16537
0.13397	1.36646	1.15419	11.41956	95.58595	54.10156	76.07422
0.13162	1.35368	1.10670	10.95423	95.93751	54.75261	81.11979
0.13531	1.35641	1.10844	11.24198	95.53386	53.48307	81.11979
0.13629	1.37300	1.10707	11.01160	95.60548	52.66927	80.95703
0.13236	1.37485	1.13346	11.04010	95.52735	52.66927	78.19010
0.13939	1.36064	1.14753	11.56489	95.55990	53.05989	76.30209
0.14272	1.38084	1.11149	11.03328	95.43620	51.17188	80.63151
0.14700	1.37017	1.12374	11.04117	95.27995	51.92057	79.45963
0.15696	1.36654	1.16938	11.40286	94.57683	53.41797	74.31641
0.14535	1.35859	1.10408	10.95517	95.21485	54.39453	81.44531
0.13951	1.36279	1.08868	10.73949	95.38412	52.86458	83.26823
0.13750	1.36345	1.10143	10.66746	95.55339	52.99479	82.25912
0.13724	1.37038	1.09087	10.46975	95.31902	53.28776	82.97526
0.13515	1.36139	1.06663	10.37513	95.74870	52.92969	86.13281
0.13619	1.36831	1.08504	10.54160	95.69662	52.24609	84.30990
0.13346	1.35295	1.10159	10.65248	95.81380	54.75261	81.25000
0.13150	1.36454	1.07147	10.55689	95.83334	53.22266	86.16537
0.12637	1.37476	1.07680	10.60454	95.95052	51.95312	84.76562
0.13984	1.35300	1.08094	10.40648	95.51433	54.39453	83.95182
0.12206	1.36185	1.08144	10.43802	96.17188	53.74349	84.57031
0.12970	1.35742	1.06863	10.41579	95.78126	54.26432	85.22135
0.13548	1.35640	1.08549	10.62076	95.52735	53.93880	83.52865
0.12555	1.36439	1.07428	10.33949	95.85938	52.99479	85.31901
0.12229	1.35624	1.07275	10.38916	96.16537	54.13411	85.67709
0.12297	1.35707	1.07383	10.46437	96.13282	54.91536	85.15625
0.13048	1.36111	1.07365	10.39506	95.85287	54.19922	84.53776
0.12562	1.37101	1.07817	10.41022	95.87891	53.28776	84.14713
0.13158	1.35698	1.05915	10.47274	95.69662	54.19922	87.10938
0.12558	1.36411	1.06135	10.42559	96.01563	53.45052	86.42578
0.12247	1.34906	1.07494	10.55171	95.95052	55.53386	84.40755
0.11812	1.35005	1.07481	10.55404	96.21095	55.85938	84.37500
0.12822	1.35215	1.06926	10.48429	95.85938	55.01302	85.15625
0.12617	1.35096	1.07083	10.63854	95.98308	55.01302	84.66797
0.11785	1.36099	1.06908	10.40767	96.47136	52.76693	85.18880
0.12909	1.34894	1.05873	10.39956	95.67058	55.30599	86.81641
0.12347	1.34611	1.06667	10.52681	96.04818	55.72917	86.26302
0.12934	1.35137	1.05934	10.38382	95.93099	54.94792	86.78385
0.12333	1.34748	1.05885	10.43944	95.98308	55.95703	87.04427
0.12921	1.35670	1.08402	10.57913	95.87240	54.36198	83.10547
0.11852	1.35509	1.07118	10.49250	96.30209	54.13411	85.12370
0.12766	1.35918	1.07815	10.39191	95.91146	54.32943	84.37500
0.12275	1.36220	1.07456	10.60112	95.99610	54.16667	84.70052
0.12727	1.36670	1.06951	10.39055	96.00912	53.45052	84.47266
0.11920	1.35332	1.06674	10.44743	96.23698	54.75261	85.83984
0.12683	1.34491	1.06362	10.32984	96.02865	55.37109	85.87240
0.12219	1.36452	1.06620	10.27886	96.08724	53.15755	85.77474
0.13227	1.34451	1.06116	10.44388	95.65105	55.89193	86.26302
0.12683	1.34934	1.04879	10.56150	96.04818	54.94792	87.59766
0.11859	1.36118	1.09655	10.69345	96.08724	53.61328	81.86849
0.12588	1.35469	1.05882	10.47918	96.12630	54.42708	86.16537
0.13200	1.33961	1.08460	10.89464	95.59245	56.51042	83.00781
0.13511	1.35368	1.08683	10.72044	95.39714	54.85026	83.07291
0.12673	1.35105	1.09640	10.95049	95.95704	55.24089	81.83594
0.12838	1.34883	1.06420	10.53062	95.80730	54.81771	85.90495
0.12296	1.35600	1.05850	10.25416	96.07423	53.90625	86.81641
0.12289	1.35654	1.07064	10.52255	96.00912	53.38542	85.35156
0.12147	1.33939	1.05434	10.41941	96.19141	55.79427	87.53255
0.11705	1.34432	1.06415	10.35910	96.26954	55.50130	85.74219
0.11812	1.35961	1.05405	10.18131	96.31511	54.39453	86.94662
0.11980	1.34609	1.06255	10.64841	96.02865	55.20833	85.80729
0.12215	1.34941	1.05629	10.43052	96.08073	54.85026	86.84896
0.11669	1.35612	1.06009	10.35149	96.23048	54.16667	85.83984
0.11960	1.33899	1.05462	10.39965	96.26302	56.31511	87.14193
0.11938	1.33393	1.04904	10.51108	96.11980	57.71484	87.43490
0.12117	1.34763	1.05577	10.28288	96.01563	54.72005	86.52344
0.11877	1.34411	1.06630	10.53148	96.20443	55.43620	85.70963
0.12351	1.34577	1.06348	10.69166	95.87240	55.20833	85.48177
0.11714	1.33787	1.04765	10.44234	96.30209	56.64062	87.76041
0.12964	1.34499	1.08401	10.71579	95.87240	55.14323	83.30078
0.11876	1.34627	1.07124	10.49918	96.24349	55.43620	85.38412
0.12582	1.34623	1.07790	10.67427	95.82032	55.79427	83.91927
0.12221	1.35323	1.07584	10.68705	95.89845	54.91536	84.40755
0.12724	1.34752	1.06780	10.32799	95.79427	54.98047	86.32812
0.11524	1.34843	1.05207	10.27457	96.34115	55.37109	87.79297
0.12491	1.34308	1.06725	10.39049	95.93099	55.89193	85.18880
0.12261	1.34750	1.07349	10.47484	96.11329	54.94792	84.66797
0.12847	1.34766	1.07308	10.64307	95.77474	55.40364	84.53776
0.12589	1.33330	1.05870	10.37028	95.93751	56.15234	86.55599
0.11837	1.34116	1.04977	10.43737	96.34115	55.92448	87.23959
0.11734	1.34318	1.07193	10.39431	96.34766	56.02214	85.09115
0.11119	1.34080	1.04186	10.41080	96.47136	55.95703	88.11849
0.12435	1.33438	1.05154	10.48187	96.07423	56.86849	87.69531
0.12169	1.33201	1.07130	10.49872	96.04167	56.77083	85.54688
0.13545	1.34739	1.08760	10.72539	95.66407	55.50130	83.10547
0.11899	1.33826	1.07669	10.62313	96.27605	56.80339	84.21224
0.12549	1.33357	1.07113	10.51918	96.09376	57.22656	84.63541
0.12592	1.33724	1.07003	10.43008	95.86589	56.25000	85.28646
0.11701	1.33593	1.05633	10.29148	96.35417	57.06380	86.13281
0.11859	1.32995	1.04322	10.31800	96.30860	57.38932	87.85807
0.11688	1.34331	1.05372	10.35007	96.36068	55.95703	86.68620
0.11422	1.34222	1.04541	10.33794	96.28907	55.82682	87.72787
0.12037	1.34600	1.04126	10.20059	95.98308	55.89193	88.54166
0.11351	1.32743	1.04383	10.37515	96.38673	57.87761	87.98828
0.11021	1.32988	1.03965	10.34620	96.45834	57.03125	88.73698
0.12005	1.32613	1.03445	10.46611	96.15235	58.04036	89.61588
0.12280	1.34676	1.04298	10.35184	95.96355	55.53386	88.11849
0.12773	1.33646	1.05486	10.35437	95.98308	56.18489	86.39323
0.11351	1.33524	1.04810	10.35703	96.44532	56.93359	87.63021
0.11924	1.34062	1.05610	10.30127	96.26302	55.85938	86.71875
0.11405	1.32491	1.05510	10.50135	96.45183	58.49609	86.32812
0.12115	1.34030	1.06812	10.51034	96.08724	55.89193	85.77474
0.11400	1.35119	1.06241	10.54337	96.27605	55.01302	86.23047
0.11930	1.33830	1.06634	10.62856	96.36720	56.86849	84.86328
0.11667	1.33408	1.05906	10.49104	96.17188	56.77083	85.70963
0.12268	1.34174	1.04231	10.37441	96.10027	56.05469	88.34635
0.10971	1.33678	1.04594	10.25427	96.58204	56.60807	87.76041
0.12605	1.31838	1.06487	10.47904	95.90495	58.75651	86.42578
0.12206	1.33511	1.06635	10.82950	95.95704	57.35677	84.99349
0.11823	1.33825	1.04664	10.24518	96.14584	56.51042	88.05338
0.12483	1.34225	1.06990	10.40702	95.79427	55.50130	84.99349
0.12335	1.32852	1.07628	10.54843	96.12630	57.94271	83.26823
0.11806	1.32936	1.05694	10.53190	96.18490	57.29167	86.00260
0.11961	1.32764	1.05094	10.22320	96.11980	57.48698	87.46745
0.11565	1.32763	1.05233	10.39076	96.26954	57.64974	86.97916
0.11853	1.32085	1.04284	10.40307	96.17839	58.46354	88.31380
0.11061	1.33454	1.06855	10.48655	96.49740	56.99870	85.05859
0.11386	1.32722	1.04235	10.26518	96.14584	58.13802	87.98828
0.11578	1.32463	1.04254	10.32867	96.30860	58.10547	88.57422
0.10435	1.33239	1.03506	10.38554	96.69271	56.96614	89.19271
0.11205	1.32983	1.03786	10.41047	96.44532	57.84505	88.76953
0.11445	1.32744	1.03129	10.26946	96.47136	58.00781	90.16927
0.11475	1.32649	1.04086	10.15914	96.19792	58.39844	89.25781
0.11866	1.33626	1.04802	10.23661	96.10027	55.95703	88.31380
0.11148	1.31112	1.04417	10.35429	96.32813	59.60286	88.18359
0.11154	1.32759	1.05394	10.25153	96.69923	57.48698	86.45834
0.11177	1.33203	1.05348	10.38911	96.54298	57.35677	86.88151
0.11608	1.33431	1.04455	10.21807	96.34766	57.51953	88.54166
0.11482	1.32164	1.04713	10.29716	96.34115	58.52864	87.85807
0.11841	1.32056	1.04806	10.33938	96.32162	58.23568	87.56510
0.11563	1.32657	1.05000	10.29540	96.24349	58.13802	87.40234
0.11893	1.32212	1.05285	10.36898	96.12630	58.72396	87.69531
0.11271	1.31777	1.03933	10.46055	96.36720	58.75651	88.93229
0.10880	1.32373	1.04415	10.26781	96.58204	58.26823	87.66276
0.11819	1.30180	1.04675	10.32524	96.13282	60.67708	87.46745
0.11771	1.32631	1.04901	10.41119	96.23698	58.00781	87.40234
0.10648	1.31963	1.04584	10.18931	96.66016	59.14714	87.92318
0.11416	1.30639	1.03637	10.36120	96.23048	60.05859	89.06250
0.11368	1.32226	1.04094	10.30255	96.48438	58.98438	88.31380
0.11302	1.32993	1.03969	10.20687	96.36068	57.16146	88.67188
0.11144	1.32791	1.04575	10.27994	96.43880	57.45443	87.92318
0.11076	1.31737	1.03267	10.32616	96.38021	58.52864	89.71354
0.11516	1.31431	1.02986	10.35846	96.30860	59.57031	89.58334
0.10555	1.32832	1.05708	10.41558	96.66016	58.00781	86.06771
0.11469	1.31688	1.03770	10.34525	96.32813	59.63542	88.89974
0.10273	1.32798	1.05175	10.45003	96.84245	58.13802	86.68620
0.10753	1.32863	1.04488	10.39344	96.39323	57.55208	87.72787
0.10983	1.33072	1.04976	10.45318	96.42579	57.22656	87.04427
0.10861	1.31674	1.05583	10.52939	96.50391	59.66797	86.23047
0.11270	1.31729	1.07546	10.53312	96.39323	59.99349	84.44010
0.10648	1.32911	1.03439	10.38141	96.64714	57.71484	89.22526
0.11287	1.32218	1.04722	10.43205	96.45834	57.91016	87.36979
0.10703	1.32278	1.04149	10.39571	96.68620	57.77995	88.18359
0.11903	1.32697	1.04709	10.50016	96.14584	58.39844	87.69531
0.11121	1.32282	1.03284	10.33459	96.38021	57.68229	89.68099
0.10540	1.32278	1.04029	10.37889	96.73829	58.36589	88.54166
0.10901	1.31881	1.03982	10.20805	96.56902	58.78906	88.60677
0.11050	1.31133	1.02432	10.31811	96.54298	59.86328	90.23438
0.10165	1.32137	1.04523	10.46218	96.85548	58.49609	87.33724
0.11114	1.31047	1.03615	10.19024	96.38021	60.09114	89.09505
0.11075	1.31780	1.03378	10.35009	96.46485	59.04948	88.89974
0.11863	1.31555	1.04464	10.40449	96.14584	59.96094	87.59766
0.11071	1.31907	1.03272	10.27662	96.44532	59.08203	89.81120
0.10982	1.30413	1.03579	10.15752	96.44532	59.96094	89.06250
0.10246	1.31542	1.02956	10.31577	96.75130	59.21224	89.84375
0.10051	1.32069	1.04744	10.57019	96.80990	58.17057	87.46745
0.11873	1.32621	1.05844	10.61104	96.18490	57.81250	85.67709
0.11265	1.31672	1.04370	10.58243	96.38021	59.14714	87.82552
0.11013	1.31871	1.03344	10.34563	96.50391	58.43099	88.54166
0.10992	1.31030	1.03478	10.40812	96.51042	59.89583	88.86719
0.11300	1.31361	1.03725	10.32507	96.31511	60.44922	88.54166
0.10470	1.32466	1.04185	10.41782	96.54948	58.07292	88.08594
0.11156	1.31712	1.03398	10.37226	96.56251	59.21224	88.80209
0.11127	1.30791	1.03473	10.25940	96.47136	61.06771	89.02995
0.11212	1.32269	1.04178	10.19531	96.45834	58.33333	87.98828
0.11134	1.31886	1.02683	10.31466	96.45834	58.52864	90.26693
0.10010	1.32531	1.03279	10.34282	96.90105	58.20312	89.29037
0.09987	1.31941	1.02724	10.22127	96.88802	58.56120	90.62500
0.10518	1.31287	1.03552	10.35914	96.79688	59.76562	88.57422
0.10693	1.30317	1.03845	10.33368	96.51693	60.54688	88.89974
0.11070	1.30845	1.04348	10.24910	96.45834	60.02604	87.63021
0.10424	1.31752	1.05195	10.39909	96.67318	59.14714	87.07682
0.10342	1.31020	1.03534	10.17291	96.60808	59.86328	88.83463
0.10869	1.31059	1.03887	10.36146	96.73177	59.50521	88.41146
0.10205	1.31760	1.04603	10.41631	96.65365	58.75651	87.53255
0.11008	1.31752	1.03524	10.29739	96.45834	59.14714	88.99740
0.10490	1.31721	1.03847	10.27406	96.65365	58.62630	88.50912
0.10899	1.32244	1.03910	10.23522	96.58204	58.72396	88.70443
0.10986	1.30901	1.02571	10.29178	96.41927	60.25391	90.07162
0.10859	1.31575	1.03942	10.27054	96.75782	59.04948	88.83463
0.11065	1.30910	1.06237	10.59009	96.38673	60.28646	85.41666
0.10397	1.30326	1.03764	10.23177	96.80990	60.51432	88.31380
0.11331	1.30889	1.03407	10.24924	96.45183	59.79818	89.02995
0.10872	1.32088	1.03148	10.29448	96.49740	58.23568	89.32291
0.11080	1.30645	1.05903	10.65503	96.49089	60.15625	85.54688
0.10826	1.31577	1.04868	10.24366	96.64714	59.34245	86.97916
0.11003	1.32196	1.03754	10.19227	96.60808	58.43099	88.37891
0.10867	1.30726	1.05415	10.45575	96.58855	60.25391	86.19791
0.10908	1.30910	1.04252	10.35271	96.54948	60.22136	87.59766
0.11052	1.31388	1.04226	10.35498	96.54298	59.37500	88.34635
0.10972	1.32126	1.03708	10.42475	96.54948	58.91927	88.31380
0.09839	1.31093	1.05467	10.51984	96.97266	59.73307	86.88151
0.10438	1.31377	1.03181	10.25482	96.80990	59.44011	89.22526
0.10541	1.32048	1.03302	10.32519	96.68620	58.75651	89.71354
0.11053	1.30747	1.01916	10.27397	96.64714	59.96094	90.88541
0.10238	1.31244	1.04080	10.29738	96.67970	59.37500	88.24870
0.10633	1.30502	1.03445	10.28469	96.60808	59.76562	89.12760
0.10378	1.31945	1.03719	10.10987	96.55599	59.24479	88.70443
0.10369	1.31343	1.04230	10.30252	96.53646	59.96094	87.85807
0.10924	1.30827	1.02810	10.31577	96.28907	60.54688	90.33203
0.10010	1.31874	1.02439	10.32399	96.81641	58.52864	89.94141
0.09969	1.31259	1.03235	10.33012	96.84896	59.47266	89.16016
0.10232	1.30616	1.03551	10.46276	96.73829	60.18880	89.09505
0.10599	1.30292	1.02851	10.29686	96.77735	60.28646	90.00651
0.09954	1.30613	1.03633	10.43410	96.84245	60.61198	88.73698
0.10410	1.31489	1.03883	10.34047	96.75130	60.18880	88.57422
0.10040	1.31091	1.03193	10.19709	96.88152	59.66797	89.09505
0.10085	1.29344	1.02464	10.34334	96.88152	62.30469	89.64844
0.10482	1.30496	1.02567	10.19204	96.69923	60.83984	90.03906
0.10495	1.29319	1.04167	10.56473	96.62110	61.75130	87.46745
0.11032	1.30532	1.03839	10.39010	96.51693	60.31901	88.50912
0.10730	1.29736	1.02935	10.41092	96.54298	61.10026	89.84375
0.10962	1.30840	1.03256	10.21705	96.73829	59.83073	88.76953
0.10453	1.30998	1.03782	10.24786	96.69923	59.60286	88.18359
0.10035	1.31439	1.03581	10.49569	96.80990	59.63542	88.54166
0.10438	1.30296	1.04595	10.47571	96.63412	60.70964	87.01172
0.10538	1.29724	1.03272	10.31926	96.64063	62.14193	89.25781
0.10159	1.30081	1.02838	10.19256	96.82943	60.90495	90.00651
0.11167	1.31242	1.02522	10.36241	96.57552	59.30989	89.61588
0.10875	1.29510	1.02896	10.21510	96.59505	61.75130	89.02995
0.11122	1.31060	1.03253	10.23912	96.41277	60.25391	88.99740
0.10004	1.30868	1.03023	10.37902	96.91407	59.83073	89.45312
0.10921	1.30024	1.02779	10.37197	96.64714	60.93750	89.51823
0.09666	1.31692	1.03487	10.37830	96.90755	58.78906	88.99740
0.09377	1.30168	1.02193	10.25074	97.22657	61.45833	90.26693
0.10602	1.29927	1.03370	10.34751	96.64063	61.23047	88.86719
0.10118	1.30028	1.04240	10.27548	96.79688	60.51432	88.37891
0.10492	1.29859	1.03238	10.36683	96.56251	61.16536	89.55078
0.10733	1.30139	1.04393	10.40744	96.45834	60.74219	88.11849
0.09937	1.30805	1.04074	10.20344	96.84896	59.24479	88.15104
0.10710	1.30853	1.03371	10.36676	96.65365	59.70052	88.73698
0.10267	1.31613	1.02410	10.49427	96.99220	58.95182	90.20182
0.10257	1.29473	1.01897	10.05318	96.77084	61.36068	90.65755
0.10483	1.30123	1.02198	10.27809	96.54948	60.15625	90.59245
0.09904	1.30823	1.03017	10.39619	96.88802	60.09114	88.93229
0.10407	1.30774	1.02484	10.24367	96.62110	59.76562	90.13672
0.10888	1.29995	1.02986	10.24490	96.62761	60.97005	89.64844
0.10010	1.29303	1.03364	10.32036	96.84245	61.49089	89.32291
0.10135	1.30890	1.03007	10.39091	96.78386	59.86328	89.02995
0.10211	1.29904	1.01738	10.21175	96.76433	61.29557	91.04818
0.09669	1.30396	1.02607	10.30475	97.00521	61.10026	90.07162
0.10075	1.29500	1.02472	10.21266	96.70573	61.68620	90.16927
0.10105	1.29494	1.01797	10.19637	96.74480	62.07682	91.17838
0.10368	1.30445	1.02478	10.22458	96.84896	60.48177	90.42969
0.10222	1.30618	1.02201	10.22104	96.80990	59.70052	90.46224
0.09808	1.29339	1.02655	10.27763	96.81641	61.97917	89.84375
0.10026	1.29037	1.01609	10.22819	96.97266	62.40234	90.98307
0.10636	1.30728	1.02333	10.33952	96.59505	59.63542	90.23438
0.10962	1.30203	1.03412	10.26852	96.43230	60.74219	88.83463
0.10153	1.29110	1.01926	10.43317	96.80990	62.33724	90.88541
0.09992	1.28569	1.01721	10.18750	97.03126	62.20703	91.30859
0.10757	1.29352	1.02291	10.33586	96.60157	61.62109	90.03906
0.10287	1.30054	1.03072	10.23481	96.80990	60.41667	89.61588
0.09508	1.30279	1.03317	10.36445	96.96615	60.93750	88.93229
0.09947	1.29850	1.03198	10.22255	96.88152	60.97005	89.22526
0.10503	1.29832	1.02378	10.52222	96.62110	61.10026	90.20182
0.09465	1.29590	1.02607	10.33512	96.99220	62.01172	89.64844
0.09092	1.31260	1.02596	10.17187	97.16798	59.96094	89.29037
0.10422	1.28752	1.03217	10.47732	96.68620	62.04427	89.09505
0.09334	1.31079	1.02979	10.34219	97.06380	60.31901	89.68099
0.09949	1.30052	1.03550	10.45945	96.86198	60.93750	88.50912
0.09608	1.28803	1.03017	10.31650	97.10938	62.85807	89.09505
0.10164	1.29079	1.02600	10.30918	96.76433	62.56511	89.77865
0.10287	1.27638	1.03033	10.23394	96.56251	64.29037	89.32291
0.10820	1.29367	1.02683	10.22772	96.65365	61.52344	89.84375
0.10339	1.30612	1.02957	10.20325	96.73829	60.18880	89.68099
0.10623	1.30435	1.02792	10.30273	96.64714	60.28646	89.90885
0.10524	1.30162	1.02881	10.51086	96.71224	60.70964	89.68099
0.09696	1.28505	1.02414	10.17607	96.92709	62.66276	90.10416
0.10677	1.30158	1.02184	10.25184	96.66016	60.05859	90.00651
0.10505	1.29756	1.02346	10.36636	96.66016	60.70964	90.29948
0.09908	1.30380	1.02172	10.39499	96.94011	60.09114	90.46224
0.09904	1.30393	1.02237	10.40684	96.77735	60.70964	90.10416
0.09423	1.29729	1.01416	10.44000	97.03126	61.49089	91.27604
0.09681	1.31687	1.02023	10.32989	96.92058	59.01693	90.36459
0.10125	1.29598	1.03154	10.22625	96.85548	61.71875	89.16016
0.10358	1.29356	1.01215	10.23516	96.66016	61.78386	91.82943
0.09833	1.29944	1.01986	10.19130	96.97917	61.23047	90.82031
0.10285	1.31454	1.02162	10.20598	96.70573	58.85417	90.33203
0.09888	1.30115	1.02729	10.16281	96.91407	60.80729	89.68099
0.10633	1.29658	1.03012	10.27670	96.62110	61.42578	89.71354
0.10563	1.29667	1.03368	10.36591	96.67318	61.62109	89.51823
0.10759	1.28898	1.02373	10.30961	96.67318	62.27214	90.03906
0.09831	1.29984	1.03425	10.38647	96.92709	61.75130	89.06250
0.09852	1.29262	1.03418	10.41254	96.90105	62.23958	88.73698
0.09792	1.30035	1.02228	10.14085	96.79037	60.97005	91.08073
0.10662	1.29433	1.02184	10.32740	96.67318	61.88151	90.88541
0.09594	1.30327	1.02658	10.33835	97.03777	60.93750	90.00651
0.10468	1.30577	1.02983	10.31550	96.64714	60.12370	89.32291
0.09570	1.29799	1.02133	10.34174	96.95313	61.36068	90.46224
0.10322	1.29597	1.01564	10.36258	96.75782	61.71875	90.91797
0.09887	1.29037	1.02329	10.16477	96.95964	61.97917	90.20182
0.09688	1.29010	1.01650	10.27628	97.01173	62.36979	90.82031
0.10196	1.29971	1.03447	10.35265	96.82943	60.87239	89.02995
0.10050	1.30574	1.02283	10.17264	96.91407	60.70964	89.87630
0.10386	1.29583	1.01158	10.22890	96.73829	61.65364	91.30859
0.09651	1.30031	1.03019	10.14892	96.94011	60.90495	89.35547
0.09232	1.30664	1.01724	10.27460	97.15495	60.51432	91.37370
0.09623	1.31201	1.03410	10.28294	96.99220	59.96094	88.86719
0.10180	1.29969	1.02708	10.40853	96.82943	61.16536	89.77865
0.09753	1.30771	1.02728	10.21978	96.83595	60.90495	90.10416
0.09214	1.29347	1.02394	10.34875	97.27865	61.55599	89.87630
0.10343	1.28373	1.01761	10.17026	96.73829	63.18359	90.82031
0.09679	1.29366	1.01109	10.40912	96.88802	62.01172	91.47135
0.10261	1.29934	1.03322	10.21643	96.79688	61.19792	88.86719
0.10214	1.29371	1.04625	10.31648	96.75130	62.30469	86.94662
0.09812	1.28385	1.02365	10.25025	96.99220	63.80208	90.20182
0.09781	1.27634	1.02192	10.40114	96.92709	64.35547	90.20182
0.09948	1.30236	1.03710	10.44247	96.80990	60.74219	88.70443
0.09697	1.29373	1.01968	10.29445	96.98568	61.36068	90.91797
0.09882	1.30029	1.02499	10.34410	96.88802	60.83984	89.84375
0.09631	1.28031	1.02245	10.47329	97.01173	62.56511	90.07162
0.09425	1.29704	1.03878	10.18867	96.99870	62.01172	88.60677
0.10180	1.28486	1.02073	10.12993	96.73829	62.69531	90.62500
0.10284	1.29217	1.02364	10.26479	96.75782	61.91406	90.07162
0.09531	1.29205	1.01874	10.41649	96.92709	62.33724	90.82031
0.09784	1.28852	1.02375	10.23271	96.95964	62.40234	90.07162
0.10628	1.29966	1.02914	10.36264	96.60808	61.03516	89.02995
0.10522	1.29687	1.02771	10.25841	96.63412	61.16536	89.94141
0.09759	1.29774	1.01750	10.28188	96.85548	61.26302	90.85287
0.09953	1.30121	1.01653	10.34155	96.62761	61.29557	90.91797
0.09543	1.29601	1.02892	10.25763	97.08985	61.81641	89.55078
0.09870	1.29276	1.01628	10.31104	96.90755	61.71875	91.04818
0.10634	1.30880	1.02300	10.27041	96.47787	59.34245	89.84375
0.09944	1.29346	1.02300	10.33050	96.86198	61.84896	89.97396
0.09908	1.29759	1.01927	10.30201	96.81641	61.62109	90.33203
0.10266	1.29683	1.02693	10.32160	96.81641	62.17448	89.71354
0.09816	1.29823	1.03131	10.23958	96.96615	61.55599	89.02995
0.09698	1.29445	1.02598	10.34368	97.20052	61.81641	90.07162
0.09094	1.30563	1.02031	10.30520	97.12240	60.09114	90.62500
0.09989	1.28292	1.01893	10.18649	96.93360	62.85807	90.65755
0.09704	1.29078	1.01803	10.38651	96.99870	62.20703	90.13672
0.09551	1.28786	1.01783	10.34924	96.92058	62.79297	90.42969
0.09645	1.28905	1.02612	10.14392	96.98568	62.72786	89.71354
0.08770	1.27978	1.01829	10.24886	97.32423	63.70443	90.23438
0.09376	1.29432	1.02976	10.27728	97.12891	62.07682	89.02995
0.10219	1.30483	1.02640	10.28375	96.67970	60.22136	89.42057
0.09999	1.28755	1.02886	10.42846	96.73829	62.63021	89.42057
0.09413	1.28804	1.02116	10.31572	97.19402	62.69531	90.95052
0.09952	1.28850	1.01954	10.32851	96.79688	62.46745	90.46224
0.09372	1.30386	1.02342	10.18149	97.01173	61.16536	90.07162
0.10130	1.29467	1.01200	10.33583	96.78386	62.10938	91.40625
0.10290	1.29805	1.03265	10.43449	96.73829	60.90495	89.22526
0.09963	1.29712	1.02754	10.27411	96.82943	61.16536	88.99740
0.09674	1.29497	1.02686	10.45299	96.94662	61.68620	89.77865
0.10782	1.29883	1.02881	10.27246	96.56902	61.29557	89.84375
0.10924	1.29875	1.02134	10.20064	96.45183	61.65364	90.36459
0.09492	1.28682	1.02654	10.32378	96.97917	62.79297	90.13672
0.10591	1.29486	1.01883	10.34333	96.77735	61.88151	90.36459
0.10798	1.29332	1.03033	10.28065	96.48438	61.55599	89.42057
0.09937	1.28993	1.02671	10.30363	96.92709	62.76042	89.51823
0.10266	1.28388	1.02443	10.18138	96.69923	63.63932	89.74609
0.10967	1.29582	1.02516	10.27194	96.43230	62.46745	89.42057
0.10526	1.28590	1.02720	10.39812	96.69271	62.82552	89.61588
0.09887	1.29886	1.01913	10.27268	96.99870	61.45833	90.72266
0.09544	1.29132	1.01957	10.35706	96.99220	62.07682	90.16927
0.10365	1.30377	1.03158	10.38706	96.63412	60.15625	89.35547
0.10548	1.29097	1.02319	10.20412	96.69271	62.01172	90.23438
0.09403	1.29820	1.02713	10.25478	97.07032	61.52344	89.42057
0.09496	1.29367	1.01654	10.23483	96.95313	62.53255	90.39713
0.10256	1.29389	1.01876	10.42300	96.65365	62.04427	91.17838
0.10503	1.29332	1.02923	10.11237	96.50391	62.01172	89.61588
0.09978	1.29890	1.02788	10.41281	96.80990	61.91406	89.90885
0.10503	1.28926	1.01355	10.33012	96.58855	62.89062	90.78776
0.09389	1.30031	1.02535	10.34751	97.10938	61.16536	89.77865
0.09982	1.29433	1.02547	10.24168	96.81641	61.58854	89.77865
0.08973	1.31429	1.01531	10.17888	97.24610	59.24479	91.01562
0.09978	1.29162	1.03065	10.28001	96.92058	62.10938	88.44401
0.09344	1.29413	1.01268	10.34848	97.10287	62.17448	91.50391
0.10417	1.30253	1.02649	10.22517	96.84896	60.87239	89.81120
0.09799	1.29858	1.01259	10.28571	96.99870	61.65364	91.37370
0.10405	1.28936	1.02254	10.19321	96.56902	62.53255	89.90885
0.09619	1.28882	1.02243	10.44747	97.01173	62.27214	90.10416
0.09747	1.29390	1.01577	10.35801	96.93360	61.52344	90.98307
0.09493	1.29924	1.02163	10.26767	97.14845	60.77474	90.46224
0.09603	1.29561	1.02145	10.31003	96.99870	61.55599	90.13672
0.09662	1.28728	1.02765	10.29176	97.13542	62.33724	90.20182
0.10233	1.30724	1.02550	10.25046	96.71876	60.31901	89.81120
0.10107	1.28602	1.02179	10.23452	96.73829	63.15104	90.52734
0.09437	1.30142	1.02922	10.30372	97.07683	60.83984	88.99740
0.09261	1.29948	1.01592	10.29099	97.15495	61.42578	91.27604
0.10066	1.28114	1.02557	10.22307	96.75130	63.37891	89.48568
0.10506	1.29384	1.01780	10.23241	96.67970	62.20703	90.72266
0.10248	1.29453	1.02231	10.25089	96.66016	61.84896	90.75521
0.10105	1.30436	1.01727	10.13383	96.74480	61.16536	90.82031
0.10448	1.28410	1.02857	10.20668	96.71224	63.50911	89.51823
0.10282	1.29789	1.01900	10.21498	96.84245	61.39323	90.91797
0.10305	1.29098	1.02566	10.36399	96.77084	62.30469	90.36459
0.09930	1.30204	1.02910	10.27948	96.79688	60.74219	89.84375
0.09637	1.29351	1.03116	10.26370	96.84245	61.91406	89.25781
0.09777	1.29945	1.02030	10.27533	96.95313	61.26302	90.10416
0.09756	1.29354	1.02219	10.16386	96.94011	61.94661	90.42969
0.09663	1.29750	1.01679	10.40983	96.77735	61.58854	90.46224
0.09217	1.29872	1.02225	10.45065	97.07032	61.42578	90.00651
0.09875	1.29373	1.02656	10.21601	96.84896	61.81641	89.61588
0.10028	1.29512	1.01566	10.34017	96.94011	61.91406	90.78776
0.09763	1.28601	1.02315	10.18760	97.01823	62.56511	90.49479
0.09872	1.29188	1.01471	10.37849	96.88152	62.23958	91.04818
0.09377	1.29719	1.02691	10.21546	97.08985	61.65364	89.68099
0.09133	1.28965	1.01557	10.23534	97.10938	62.53255	91.21094
0.09664	1.29236	1.02755	10.12660	96.90755	62.17448	90.00651
0.09834	1.28793	1.01769	10.14289	96.95313	63.05339	90.72266
0.09958	1.28624	1.01609	10.34471	96.90755	62.56511	91.21094
0.09757	1.28546	1.02546	10.22896	96.92709	62.66276	89.97396
