0.69417	1.60916	1.60941	0.23312	50.00000	24.38151	19.33594
0.69381	1.60887	1.60934	14.92178	50.00000	24.86979	19.92188
0.69323	1.60789	1.60957	14.91242	49.96745	25.71615	20.11719
0.69302	1.60726	1.60914	14.88209	50.89844	25.55338	21.28906
0.69315	1.60626	1.60959	14.85865	49.95443	26.33463	19.27083
0.69309	1.60462	1.60945	14.79320	50.00000	26.07422	17.83854
0.69276	1.60395	1.60944	14.73312	50.00000	24.67448	16.95963
0.69208	1.60264	1.60928	14.65165	50.01302	25.52083	18.09896
0.69153	1.60159	1.60871	14.59362	51.82292	25.13021	20.76823
0.69211	1.60113	1.60916	14.69684	56.61459	24.57682	23.47005
0.69093	1.59934	1.60875	14.32756	58.63932	25.61849	24.15365
0.68922	1.59803	1.60903	14.16271	61.13282	24.38151	22.68880
0.68694	1.59684	1.60836	13.99041	66.66667	25.32552	26.88802
0.68419	1.59535	1.60865	13.85275	68.86719	25.13021	24.96745
0.67895	1.59632	1.60825	13.75994	71.08073	23.99088	26.04167
0.67307	1.59554	1.60859	13.69878	70.29948	24.18620	25.13021
0.66391	1.59214	1.60857	13.50510	70.65755	25.06510	22.78646
0.65235	1.59247	1.60818	13.52244	70.13021	25.09766	25.35807
0.63407	1.58772	1.60767	13.27433	71.41277	25.87891	27.21354
0.61489	1.59088	1.60765	13.22451	71.47787	25.16276	26.20443
0.59049	1.58914	1.60796	13.10039	72.07031	24.41406	25.48828
0.56834	1.58284	1.60782	13.15286	72.29818	26.72526	23.99088
0.54927	1.58252	1.60757	12.92560	73.00781	25.71615	26.66016
0.53618	1.58248	1.60776	13.01994	73.61980	25.29297	26.59505
0.51886	1.58019	1.60719	12.86584	74.53777	24.77213	28.41797
0.50266	1.58569	1.60686	12.80703	75.62501	23.60026	28.19010
0.49828	1.57672	1.60666	12.77806	75.70964	24.73958	25.81380
0.49555	1.57718	1.60665	12.70229	75.62501	24.28385	24.60938
0.47174	1.57474	1.60635	12.77463	76.99870	27.34375	27.73438
0.47093	1.57097	1.60609	12.71498	76.37370	30.82682	26.26953
0.44951	1.56627	1.60541	12.58970	78.00130	31.83594	27.40885
0.44327	1.56821	1.60525	12.65249	78.12501	30.76172	29.13412
0.44140	1.55965	1.60517	12.68351	78.15755	32.25911	28.64583
0.44620	1.55303	1.60497	12.76617	77.41537	33.91927	28.45052
0.44109	1.55363	1.60482	12.60098	78.18360	32.51953	28.32031
0.41614	1.54662	1.60428	12.56181	80.06511	35.35156	28.38542
0.40289	1.54593	1.60399	12.55922	81.52995	35.18880	27.60417
0.40365	1.54308	1.60444	12.65119	81.57552	36.10026	26.98568
0.77546	1.56143	1.60825	17.31763	63.42448	33.72396	19.92188
0.69336	1.59066	1.60811	14.41643	60.59896	26.59505	21.67969
0.66885	1.57312	1.61034	13.38343	63.89974	29.36198	19.14062
0.61990	1.56758	1.60903	13.39493	66.81641	30.89193	20.47526
0.58084	1.55342	1.60942	13.07506	68.05339	33.62630	20.37760
0.56729	1.54819	1.61009	13.30664	69.38802	35.35156	18.97787
0.56239	1.53391	1.60935	13.43757	69.45964	36.49089	19.56380
0.56120	1.54630	1.60902	13.49480	65.91146	34.50521	20.05208
0.54816	1.52516	1.60849	13.38401	71.88152	37.92318	21.45182
0.53277	1.50991	1.60929	13.40690	72.64974	39.29036	18.58724
0.53443	1.52210	1.60928	13.47569	72.46745	37.27214	17.70833
0.54037	1.50903	1.60897	13.50712	71.98568	39.42057	19.98698
0.53533	1.49742	1.61014	13.50973	72.27865	41.11328	17.93620
0.53120	1.50866	1.60876	13.55683	73.14454	38.83464	22.07031
0.52341	1.49968	1.60789	13.49741	73.26823	40.26693	23.69792
0.52892	1.50416	1.60913	13.54485	73.24220	39.02995	21.38672
0.51499	1.49785	1.60860	13.49172	74.04948	39.45312	22.85156
0.52268	1.48939	1.60829	13.54855	73.35287	41.21094	24.44662
0.50954	1.49302	1.60945	13.54120	74.65495	40.36458	19.33594
0.50991	1.49859	1.60901	13.52818	74.60938	39.51823	19.07552
0.51597	1.48768	1.60861	13.48679	73.93880	40.72266	22.49349
0.50787	1.49435	1.60863	13.55167	74.58334	39.61589	22.29818
0.50106	1.48760	1.60825	13.51264	74.70704	40.88542	23.73047
0.51064	1.48008	1.60835	13.60954	74.13412	41.40625	23.47005
0.49159	1.49359	1.60801	13.53072	75.63802	39.74609	25.71615
0.49113	1.49387	1.60817	13.58162	74.98048	39.22526	24.73958
0.49364	1.48526	1.60802	13.52870	75.91798	40.36458	23.24219
0.49957	1.47636	1.60849	13.52584	75.00652	41.37370	22.59115
0.47589	1.48555	1.60717	13.45301	76.19792	39.84375	24.83724
0.49757	1.47241	1.60766	13.51336	75.08464	41.99219	23.79557
0.47920	1.48601	1.60736	13.50031	76.47787	39.90886	24.02344
0.48119	1.48066	1.60710	13.40859	76.67318	41.40625	24.12109
0.46813	1.47982	1.60704	13.42283	77.18099	40.39714	23.66537
0.47614	1.49043	1.60798	13.50311	76.09376	39.68099	22.52604
0.45842	1.48169	1.60652	13.48602	78.09896	40.46224	23.60026
0.45507	1.48269	1.60754	13.43711	78.20313	40.03906	21.61458
0.45754	1.47719	1.60609	13.37810	78.03386	41.08073	25.09766
0.44518	1.47554	1.60616	13.38045	79.45964	40.88542	23.86068
0.45445	1.46481	1.60652	13.43212	78.75652	42.93620	23.79557
0.44501	1.47353	1.60595	13.35643	79.25130	41.43880	24.25130
0.44083	1.47755	1.60470	13.32043	79.25130	41.01562	25.81380
0.43057	1.47426	1.60468	13.32701	79.71355	41.56901	26.26953
0.40914	1.46996	1.60428	13.31945	81.71876	41.14583	28.15755
0.41295	1.46909	1.60433	13.34763	81.32813	41.56901	30.04557
0.41452	1.47570	1.60483	13.31818	81.07423	41.30859	27.63672
0.40693	1.46524	1.60409	13.28702	82.07683	42.48047	29.10156
0.40008	1.48632	1.60397	13.27403	82.13542	39.38802	28.22266
0.39974	1.46934	1.60373	13.30668	81.83595	41.56901	27.99479
0.42116	1.47340	1.60348	13.34216	80.70313	40.95052	28.09245
0.39831	1.47409	1.60091	13.21900	82.51954	41.73177	31.96615
0.38990	1.47419	1.60152	13.26505	83.78907	41.47136	30.46875
0.40342	1.47068	1.60187	13.24039	82.45443	41.99219	24.38151
0.39562	1.46298	1.60251	13.21937	82.51954	42.61068	23.50260
0.39886	1.47024	1.60217	13.28612	82.45443	41.73177	25.03255
0.39458	1.47758	1.60076	13.27764	82.47396	41.01562	26.69271
0.37652	1.47555	1.59935	13.15114	83.76302	42.15495	30.50130
0.36694	1.46531	1.59740	13.09352	84.22527	43.22917	28.35287
0.36534	1.47776	1.59594	13.17403	84.12761	40.75521	26.75781
0.34777	1.45943	1.59404	13.13190	85.48829	42.25261	25.61849
0.34908	1.46693	1.59356	13.04801	85.28646	41.95964	25.09766
0.35627	1.45677	1.59537	13.13875	85.16277	43.61979	23.63281
0.32995	1.45864	1.59027	12.98876	87.10287	42.38281	26.95312
0.32385	1.46826	1.59152	12.95379	86.75130	41.43880	22.42838
0.31007	1.47101	1.58702	12.89301	88.23568	41.04818	29.00391
0.30958	1.46647	1.58568	12.86627	87.95573	42.54557	24.77213
0.29989	1.47192	1.57862	12.87302	88.19011	41.60156	30.92448
0.29589	1.45488	1.57868	12.80084	88.80860	44.40104	33.69141
0.30286	1.45975	1.57710	12.95988	88.26173	42.48047	40.55989
0.40297	1.48833	1.58101	13.69077	82.96876	39.06250	34.17969
0.34160	1.48045	1.57500	13.12142	86.02214	40.88542	27.96224
0.33586	1.48028	1.57261	12.96696	85.64454	40.78776	35.61198
0.33705	1.49333	1.57221	12.95708	86.08724	39.02995	36.42578
0.31472	1.46866	1.57031	12.74246	87.51954	41.60156	37.50000
0.31440	1.46881	1.56510	12.74268	87.74089	42.02474	35.64453
0.30830	1.45067	1.56286	12.72675	87.76693	43.78255	38.60677
0.29794	1.47087	1.55139	12.60011	88.59376	41.04818	38.80208
0.29841	1.46897	1.54982	12.54251	88.57423	41.95964	41.95964
0.27981	1.46894	1.53999	12.61720	89.49220	42.51302	43.58724
0.28263	1.46589	1.53667	12.59811	89.25782	42.44792	41.11328
0.27075	1.47000	1.53169	12.50876	89.64193	42.02474	42.96875
0.26729	1.47980	1.52254	12.51626	89.73308	40.75521	45.63802
0.26724	1.47292	1.51864	12.41697	89.97396	41.27604	42.05729
0.27002	1.47862	1.50924	12.41995	89.85027	40.52734	47.78646
0.26207	1.47032	1.50820	12.38042	90.27995	42.05729	44.04297
0.24994	1.46824	1.50518	12.42497	90.90495	42.28516	43.94531
0.24232	1.46314	1.49347	12.25071	91.45183	42.18750	47.16797
0.24572	1.47928	1.49712	12.35065	90.74870	39.71354	41.01562
0.23852	1.45942	1.50827	12.25553	91.16537	43.06641	45.14974
0.24110	1.46207	1.49193	12.29798	91.15235	42.74089	46.84245
0.23415	1.46723	1.48953	12.19490	91.51042	43.03386	45.80078
0.23830	1.45865	1.48869	12.22394	91.45834	43.22917	48.24219
0.23377	1.45772	1.48139	12.15850	91.64714	42.93620	42.44792
0.29125	1.46793	1.49741	12.52383	88.73698	40.65755	39.32292
0.24214	1.45934	1.49577	12.28208	90.88542	43.45703	49.05599
0.25219	1.45840	1.47998	12.11147	90.98959	43.68489	40.91797
0.24975	1.45695	1.48568	12.09834	90.70313	42.83854	51.85547
0.23774	1.46924	1.47777	12.06304	91.43230	42.51302	42.67578
0.23745	1.46583	1.47929	11.99784	91.43230	41.76432	48.11198
0.23215	1.44834	1.46272	11.89474	91.49089	44.04297	46.45182
0.24145	1.46073	1.45591	12.02923	91.20443	42.44792	54.42708
0.22609	1.45111	1.46186	11.93081	92.13542	43.97786	49.08854
0.22604	1.45504	1.45029	11.84192	91.88802	43.42448	51.00911
0.20959	1.44887	1.44554	11.78434	92.93620	43.97786	51.26953
0.21287	1.46484	1.45113	11.83717	92.59115	42.18750	48.53516
0.22244	1.44981	1.46149	11.81532	92.13542	44.14062	46.54948
0.21905	1.43771	1.46021	11.83739	92.22005	46.87500	45.63802
0.20484	1.44694	1.44251	11.77174	92.89063	44.69401	48.99089
0.20522	1.44979	1.44089	11.77112	92.78646	44.23828	50.32552
0.20173	1.44530	1.44331	11.72285	93.05339	45.14974	48.92578
0.20644	1.44616	1.42257	11.79051	92.96876	45.73568	52.63672
0.19715	1.44316	1.42566	11.75373	93.34636	46.64714	50.65104
0.19957	1.44400	1.44152	11.58001	93.09896	45.83333	48.63281
0.20798	1.45092	1.43223	11.65537	92.52605	44.36849	48.11198
0.20884	1.44553	1.42293	11.63187	92.74089	45.24739	51.75781
0.24620	1.43375	1.46213	12.06500	91.38021	46.02864	47.03776
0.20613	1.45091	1.42457	11.59193	92.84505	45.54036	50.78125
0.20653	1.45623	1.42958	11.55317	92.98177	43.32682	50.52083
0.19895	1.45509	1.42366	11.47950	93.23568	43.84766	50.03255
0.19771	1.44025	1.41269	11.53233	93.32683	45.83333	50.32552
0.19986	1.43563	1.41953	11.48447	93.15105	47.20052	48.82812
0.19191	1.43796	1.40395	11.41957	93.45704	46.28906	51.10677
0.19625	1.43970	1.39790	11.44946	93.29427	45.83333	51.49739
0.18901	1.44249	1.40300	11.35986	93.65235	45.18229	50.16276
0.19300	1.43689	1.39743	11.40439	93.27474	46.02864	51.85547
0.19217	1.42874	1.39472	11.46234	93.61980	47.33073	50.74870
0.19215	1.42426	1.40144	11.50215	93.41798	47.23307	50.58594
0.21700	1.43991	1.45023	11.96263	92.14845	46.45182	44.23828
0.26389	1.43731	1.45513	11.80837	90.31251	45.76823	44.04297
0.26631	1.44207	1.43533	11.60124	90.01302	45.41016	49.57682
0.24969	1.44949	1.45639	11.80198	91.04167	44.66146	42.44792
0.27107	1.44681	1.42989	11.76685	89.94141	44.69401	48.73047
0.26680	1.45132	1.42653	11.65158	90.48177	44.20573	46.58203
0.26962	1.43836	1.41172	11.59559	90.55990	45.41016	50.45573
0.25384	1.43968	1.40684	11.60460	90.48829	45.34505	49.77214
0.24306	1.44583	1.40284	11.44095	91.71224	44.82422	50.22786
0.23073	1.44188	1.40082	11.44244	91.84245	45.27995	49.21875
0.21838	1.44467	1.40802	11.37903	92.22005	44.30339	47.68880
0.22388	1.43318	1.38380	11.36014	92.12240	45.83333	51.30208
0.21553	1.43807	1.38652	11.27519	92.42188	45.14974	50.71614
0.21160	1.43883	1.38514	11.32377	92.61720	45.83333	50.81380
0.21016	1.42117	1.39529	11.28147	92.75391	47.68880	48.92578
0.20653	1.43355	1.37314	11.28459	92.97527	45.86589	52.11589
0.20359	1.43256	1.39519	11.23793	93.00130	46.51693	48.50261
0.19590	1.43627	1.38199	11.24881	93.44402	45.99609	50.71614
0.20916	1.42478	1.38007	11.47024	92.30470	47.52604	52.70182
0.19821	1.42164	1.37424	11.26554	93.17058	46.84245	51.59505
0.21485	1.44933	1.38497	11.55973	92.51954	43.91276	56.11979
0.20378	1.42958	1.39280	11.30318	92.93620	46.25651	50.06511
0.18904	1.42902	1.36417	11.25055	93.71095	46.22396	57.51953
0.19233	1.43453	1.36562	11.22247	93.33334	46.22396	58.17057
0.19559	1.42992	1.36028	11.23921	93.46355	46.28906	56.08724
0.19008	1.42905	1.36780	11.22089	93.47005	47.52604	58.82161
0.18870	1.41987	1.37141	11.21499	93.49610	47.62370	54.98047
0.19969	1.41313	1.37949	11.27210	93.07943	47.55859	57.22656
0.18462	1.42604	1.35047	11.12648	93.71745	46.90755	59.86328
0.18547	1.41702	1.35532	11.08263	93.68490	47.91667	61.23047
0.19841	1.43890	1.35631	11.10328	92.84505	45.11719	60.22136
0.18484	1.43177	1.35967	11.16209	93.78255	45.57292	60.25391
0.18420	1.42279	1.34765	11.10617	93.76302	47.26562	63.44401
0.18406	1.43183	1.34061	10.98769	93.63282	46.32161	63.34636
0.18836	1.41500	1.34624	11.10924	93.47005	47.68880	63.76953
0.18988	1.41554	1.33370	11.05665	93.48308	47.59114	64.32291
0.18070	1.41322	1.32953	10.98259	93.95834	48.76302	64.38802
0.18014	1.42326	1.32857	11.04318	93.84115	46.94011	65.42969
0.16993	1.43993	1.33059	11.01717	94.36849	44.95443	65.72266
0.17016	1.40226	1.32073	11.02657	94.40755	49.80469	66.79688
0.17792	1.42078	1.31659	10.93503	93.97136	47.49349	66.56901
0.17422	1.40600	1.31949	11.04506	94.16667	48.99089	68.55469
0.17332	1.42070	1.31964	11.00252	94.18620	47.16797	66.53646
0.18234	1.41178	1.32227	10.95097	94.08855	48.07943	66.30859
0.17016	1.40615	1.31313	10.92858	94.48568	48.95833	67.48047
0.16991	1.42133	1.31726	10.90706	94.40105	47.16797	65.85287
0.16293	1.41456	1.31289	10.93685	94.68751	47.46094	65.49479
0.17517	1.41492	1.33165	11.04535	94.24480	48.11198	64.74609
0.18012	1.41749	1.35285	11.19528	94.01693	47.33073	59.14714
0.18286	1.41594	1.33017	11.13749	93.62630	47.13542	63.41146
0.18375	1.41592	1.33101	11.10772	93.85417	47.78646	63.31380
0.18057	1.40854	1.32217	11.09327	93.78255	48.24219	64.58334
0.17652	1.40326	1.30946	10.87757	94.05599	48.95833	66.40625
0.18397	1.41611	1.31730	11.11139	93.41146	47.00521	63.93229
0.18167	1.42149	1.32212	10.98370	93.95834	46.71224	63.76953
0.18644	1.40991	1.30273	10.96275	93.61980	49.28386	68.00130
0.18705	1.40224	1.31322	10.84251	93.62630	49.51172	65.55990
0.17385	1.41361	1.30596	10.90812	94.38802	47.26562	66.14584
0.17332	1.42089	1.30062	10.82573	94.35548	47.00521	66.08073
0.17368	1.40048	1.29119	10.89566	94.25782	49.80469	67.54557
0.17359	1.41929	1.28819	10.78502	94.17970	46.87500	67.90365
0.17140	1.40662	1.28630	10.90692	94.23177	48.20964	68.71745
0.16895	1.40353	1.28126	10.82807	94.35548	49.64193	69.20573
0.16293	1.40437	1.29013	10.80018	94.62891	49.05599	69.14062
0.16514	1.40980	1.28992	10.82784	94.63542	47.75391	68.22916
0.17569	1.40762	1.28277	10.85565	94.17318	48.17708	69.56380
0.17242	1.40595	1.28425	10.92743	94.40755	48.69792	67.87109
0.17328	1.40974	1.28032	10.76781	94.30990	48.11198	70.83334
0.18559	1.41471	1.31472	11.29127	93.78255	47.65625	62.23958
0.17238	1.40836	1.27957	10.73552	94.30339	48.40495	70.50781
0.17917	1.41322	1.28333	10.84459	94.14714	48.01432	68.06641
0.16827	1.40908	1.28881	10.80818	94.36849	48.56771	67.83854
0.17555	1.39916	1.27633	10.87836	94.07552	49.44661	68.68490
0.16712	1.40685	1.27162	10.79894	94.40755	48.20964	70.21484
0.17187	1.40562	1.27102	10.75771	94.36849	48.69792	72.03776
0.16867	1.40928	1.25642	10.73328	94.47266	48.76302	73.53516
0.17997	1.41449	1.27419	10.82326	94.06251	47.78646	69.17318
0.18164	1.41912	1.26953	10.80947	93.93880	46.94011	69.36849
0.17251	1.40232	1.26695	10.70129	94.27735	49.05599	71.90755
0.17363	1.39146	1.25545	10.77830	94.22527	50.65104	74.86979
0.17238	1.40953	1.27986	10.67100	94.46615	47.49349	68.94531
0.16055	1.41070	1.26898	10.70231	94.90235	48.11198	71.12630
0.17806	1.40303	1.25546	10.68416	94.11459	49.28386	72.36328
0.16457	1.40265	1.25346	10.64406	94.74610	48.50261	71.02865
0.17529	1.40116	1.27011	10.69397	94.03646	49.70703	71.09375
0.16823	1.41050	1.25650	10.68277	94.34896	47.94922	72.46094
0.16554	1.40402	1.25245	10.57062	94.57683	48.73047	72.62370
0.15804	1.40635	1.25375	10.62955	94.88933	48.73047	71.58203
0.16156	1.39111	1.24471	10.65528	94.79167	50.19531	73.99088
0.16485	1.39957	1.25902	10.68796	94.69402	50.13021	70.63802
0.16333	1.39121	1.26801	10.62385	94.68751	50.94401	68.61979
0.17597	1.40475	1.28087	10.82059	94.17318	48.69792	67.05729
0.16041	1.40329	1.25011	10.64285	94.72657	48.50261	72.13541
0.16848	1.39791	1.27806	10.68537	94.44011	49.41406	64.58334
0.16322	1.39492	1.24367	10.64810	94.75261	50.13021	72.46094
0.16874	1.41295	1.25548	10.58877	94.63542	47.68880	70.44271
0.16377	1.40996	1.23201	10.58086	94.73308	48.04688	75.09766
0.16162	1.39700	1.23296	10.46094	94.69402	50.16276	73.95834
0.17035	1.40318	1.24562	10.61876	94.44662	48.86068	72.62370
0.16473	1.40260	1.23093	10.56668	94.49220	49.12109	73.82812
0.16098	1.40124	1.22824	10.50921	94.83073	49.57682	75.55338
0.16189	1.38654	1.22753	10.43928	94.75261	51.13932	73.82812
0.16060	1.39951	1.23732	10.60181	94.71355	49.34896	72.13541
0.16341	1.39783	1.23970	10.51195	94.78516	49.54427	73.69791
0.17309	1.39571	1.27658	10.85865	94.35548	50.03255	67.31771
0.17649	1.39790	1.23966	10.57143	94.20573	49.54427	72.98177
0.17675	1.39084	1.28277	10.92380	94.14063	50.71614	64.09505
0.17694	1.39168	1.25256	10.77433	94.07552	50.06511	68.91276
0.16646	1.39761	1.24648	10.61689	94.41407	49.93489	69.66146
0.16539	1.39036	1.22088	10.47258	94.44011	50.13021	74.67448
0.16680	1.38524	1.23098	10.62898	94.45964	50.84636	72.36328
0.17416	1.40763	1.24839	10.57987	94.20573	48.53516	70.08463
0.17194	1.39197	1.23240	10.63410	94.21876	50.13021	71.64713
0.17760	1.39850	1.26535	10.71323	93.89323	49.57682	65.85287
0.17414	1.38470	1.23456	10.66993	94.16667	51.30208	70.86588
0.17443	1.38968	1.24991	10.63969	94.30339	50.58594	67.74088
0.16170	1.39353	1.23339	10.62710	94.60287	49.67448	71.32162
0.17526	1.38669	1.23749	10.47306	94.22527	51.62761	70.73568
0.16018	1.38490	1.22495	10.48086	94.73959	51.17188	73.01432
0.15939	1.39681	1.21373	10.44438	94.79818	49.83724	75.03255
0.16365	1.40520	1.21211	10.47066	94.58334	48.56771	75.52084
0.16154	1.38751	1.20802	10.42536	94.72657	50.87891	74.38151
0.16293	1.39461	1.23145	10.43204	94.77214	50.58594	70.99609
0.16403	1.39393	1.21879	10.50213	94.64193	49.93489	73.63281
0.16370	1.37597	1.22157	10.43703	94.34245	51.98568	71.74479
0.15643	1.37432	1.19825	10.33753	94.98048	52.47396	77.21354
0.15353	1.38530	1.21183	10.35617	95.00652	51.33464	74.31641
0.15390	1.39045	1.20093	10.39616	94.97396	51.10677	74.60938
0.15739	1.38341	1.21577	10.47330	94.85027	51.04167	73.43750
0.15853	1.40401	1.20130	10.37760	94.85677	48.50261	76.59505
0.15078	1.38298	1.20336	10.29527	95.10417	51.66016	75.26041
0.16467	1.38746	1.18943	10.37953	94.51823	50.65104	77.27865
0.15460	1.38153	1.19343	10.33430	95.01302	51.59505	77.96224
0.14482	1.39849	1.18898	10.29906	95.46876	49.25130	77.53906
0.14626	1.39021	1.22069	10.37159	95.39063	50.45573	72.29818
0.16333	1.38389	1.20410	10.34525	94.64845	50.87891	75.74870
0.15734	1.38553	1.20929	10.52108	94.86980	51.43229	74.60938
0.14735	1.39090	1.18747	10.22596	95.26042	50.16276	77.27865
0.15324	1.37343	1.19304	10.39243	95.04558	52.86458	76.46484
0.14593	1.37843	1.19093	10.23433	95.34505	51.39974	76.13932
0.15590	1.38614	1.20226	10.35227	95.01954	50.48828	74.70703
0.14768	1.37264	1.20917	10.26260	95.18230	52.24609	74.18620
0.15529	1.39669	1.17167	10.20946	95.00001	49.38151	78.51562
0.14605	1.37855	1.16912	10.21238	95.26042	52.21354	79.32943
0.15700	1.38219	1.19877	10.34103	94.73959	50.91146	74.05599
0.15013	1.37699	1.19122	10.23870	95.15626	52.44141	75.42318
0.15639	1.38583	1.19767	10.38214	94.86329	50.68359	75.39062
0.14550	1.36877	1.17862	10.25044	95.31902	53.22266	77.86459
0.15346	1.36834	1.20944	10.42085	94.83724	52.24609	73.60026
0.14860	1.36800	1.17565	10.37281	95.17579	53.28776	77.73438
0.14542	1.36669	1.17419	10.21849	95.31251	52.53906	77.18099
0.15163	1.37211	1.19559	10.28891	94.94141	52.50651	74.12109
0.14815	1.37898	1.17127	10.18175	95.13673	51.46484	78.02734
0.14429	1.38125	1.18672	10.13922	95.44271	51.49739	75.87891
0.15159	1.37837	1.16807	10.26023	94.98048	52.50651	79.26432
0.15226	1.36892	1.17470	10.12079	95.04558	53.02734	76.95312
0.14189	1.36108	1.16969	10.23432	95.47527	54.10156	78.12500
0.15098	1.37346	1.16949	10.26056	95.10417	52.14844	78.45052
0.15295	1.37972	1.15610	10.29372	94.96095	51.39974	80.20834
0.15169	1.35812	1.18287	10.47183	94.94141	53.77604	77.18099
0.14317	1.36692	1.17197	10.23181	95.31902	53.45052	79.75260
0.16106	1.37676	1.19493	10.33095	94.81120	52.24609	73.69791
0.15369	1.36867	1.16499	10.18115	94.94792	52.57161	78.84115
0.15456	1.36859	1.18419	10.19421	95.08464	52.27864	75.68359
0.15548	1.38868	1.16647	10.31130	94.96095	50.74870	77.92969
0.15650	1.37538	1.17147	10.20644	94.82423	52.11589	78.84115
0.14791	1.37095	1.17202	10.16208	95.24740	51.79036	77.66927
0.15373	1.35156	1.15355	10.10022	94.88933	54.68750	80.27344
0.14599	1.37066	1.15658	10.18684	95.20834	52.57161	79.13412
0.14804	1.38606	1.16983	10.15126	95.35157	51.30208	78.32031
0.14639	1.36308	1.17122	10.17926	95.05209	54.06901	78.58073
0.14219	1.37003	1.14537	10.06576	95.52084	52.70182	80.43620
0.16176	1.36524	1.17568	10.23698	94.57032	53.77604	76.49740
0.14908	1.36117	1.15717	10.18699	95.13021	54.19922	80.63151
0.13950	1.35252	1.13580	10.09448	95.64454	54.98047	81.77084
0.15082	1.36669	1.18016	10.22542	94.95443	52.70182	76.23698
0.15842	1.35403	1.16432	10.15425	94.85027	54.52474	78.77604
0.14522	1.35886	1.14943	9.99168	95.38412	53.71094	80.30599
0.13227	1.35759	1.15546	10.09687	95.75521	54.55729	80.56641
0.13901	1.36338	1.13548	9.97758	95.68360	53.87370	81.77084
0.14738	1.36253	1.14101	10.04271	95.11068	53.84114	81.73828
0.14508	1.36257	1.15452	10.03097	95.33855	53.22266	79.03646
0.14984	1.36540	1.17633	10.24518	95.01954	53.93880	76.52995
0.14158	1.35779	1.14719	10.03540	95.50130	54.13411	79.88281
0.15640	1.35993	1.15894	10.09656	94.85027	53.32031	79.29688
0.14888	1.36419	1.15782	10.19828	95.09766	54.10156	78.45052
0.15767	1.36643	1.18323	10.18593	94.88282	52.86458	75.84635
0.13931	1.35893	1.13963	10.06349	95.52735	54.39453	81.70573
0.15660	1.36754	1.17360	10.26692	94.80470	52.37630	76.20443
0.14083	1.36348	1.16262	10.16162	95.40365	53.97136	78.35287
0.14797	1.35856	1.15630	10.12967	95.16927	54.42708	78.58073
0.14061	1.34337	1.13768	9.99711	95.24740	56.11979	82.25912
0.14374	1.36436	1.14358	10.05789	95.38412	52.47396	80.11068
0.13416	1.37299	1.12658	9.90850	95.56641	52.31120	82.94271
0.14772	1.35118	1.14658	9.94979	95.15626	55.43620	80.37109
0.14764	1.35521	1.14864	10.06014	95.12370	54.06901	79.81771
0.13872	1.35129	1.15434	10.00890	95.53386	54.62239	79.52474
0.14230	1.35210	1.13561	10.08184	95.46876	54.58984	81.41276
0.13897	1.34761	1.14255	10.06040	95.34505	56.18489	81.21745
0.14034	1.36333	1.12385	9.95624	95.50130	52.99479	83.33334
0.14442	1.35372	1.13778	9.92065	95.32552	53.97136	82.12891
0.14852	1.34796	1.14832	10.04973	94.98698	55.33854	80.04557
0.13586	1.35184	1.13211	9.93961	95.53386	54.72005	82.19401
0.12913	1.35630	1.13190	9.86908	95.91146	54.52474	81.80338
0.13976	1.35362	1.12528	10.03218	95.35808	54.03646	82.77995
0.14473	1.34810	1.14084	10.00923	95.13021	55.46875	81.08724
0.13381	1.35279	1.13449	9.79590	95.71615	54.52474	81.51041
0.14137	1.35576	1.15952	10.08027	95.47527	54.13411	78.09245
0.14037	1.33191	1.15944	10.23906	95.35808	56.54297	78.48307
0.14102	1.35006	1.18074	10.28149	95.46876	55.46875	73.43750
0.14807	1.34157	1.17650	10.21341	95.04558	55.92448	75.16276
0.13822	1.36958	1.14728	10.02775	95.54688	52.53906	79.68750
0.14130	1.35213	1.13958	9.99822	95.37110	54.65495	79.16666
0.12940	1.37247	1.14122	9.85785	95.78126	52.34375	80.50130
0.14979	1.36919	1.14225	10.09235	95.07813	52.57161	80.40365
0.13958	1.33869	1.13873	9.89948	95.64454	56.54297	80.76172
0.14449	1.35171	1.14254	9.88394	95.27995	54.42708	80.69662
0.14560	1.35085	1.14099	9.85191	95.20183	55.53386	79.91537
0.13312	1.34778	1.12981	9.83394	95.48177	55.50130	81.38021
0.13741	1.35421	1.13418	9.86564	95.62501	55.14323	81.31510
0.14176	1.34909	1.14997	9.90318	95.30599	55.04557	79.58984
0.13157	1.34543	1.13291	9.82457	95.86589	55.63151	81.05469
0.12993	1.35077	1.13523	9.88174	95.78126	54.94792	80.46875
0.13497	1.33917	1.14548	9.89523	95.62501	56.47786	78.87370
0.12994	1.35316	1.13014	9.88399	95.83985	55.07812	81.25000
0.13101	1.35172	1.15551	10.12445	95.86589	54.94792	77.18099
0.13587	1.34909	1.14993	10.10054	95.65105	54.98047	79.39453
0.13053	1.35071	1.13501	9.88433	95.57292	55.07812	81.31510
0.13138	1.33663	1.13683	9.91784	95.83334	56.77083	80.20834
0.13768	1.34975	1.13414	9.86845	95.57292	55.53386	79.72005
0.13242	1.34403	1.14367	10.00969	95.64454	55.27344	80.17578
0.13412	1.36077	1.12623	9.76927	95.63152	53.77604	82.32422
0.12907	1.34366	1.13893	9.83786	95.74870	55.85938	79.29688
0.12546	1.35904	1.13249	9.77396	95.97657	54.03646	81.34766
0.13930	1.34832	1.12250	9.91317	95.28646	55.17578	82.19401
0.13294	1.34010	1.12741	9.77040	95.59896	56.41276	81.77084
0.14017	1.35251	1.14455	9.86126	95.45573	54.94792	78.90625
0.13930	1.34160	1.14116	9.92319	95.39714	56.99870	79.81771
0.13658	1.34342	1.13703	9.77163	95.18880	55.66406	80.76172
0.13263	1.34303	1.13712	9.80979	95.77474	55.43620	79.65495
0.13032	1.34343	1.13034	9.78198	95.72266	55.56641	81.28255
0.13251	1.34694	1.12103	9.78565	95.57943	55.40364	82.32422
0.13646	1.33464	1.12959	9.83210	95.53386	57.06380	80.33854
0.13506	1.34207	1.12558	9.68570	95.46224	55.89193	83.04037
0.12300	1.34679	1.11337	9.59798	96.06771	55.76172	83.88672
0.12994	1.34772	1.12346	9.79958	95.95052	55.33854	82.29166
0.13171	1.33617	1.13191	9.69158	95.72917	57.09636	80.95703
0.12555	1.34211	1.12138	9.67212	95.78126	55.92448	82.58463
0.13083	1.33197	1.10754	9.69176	95.73568	57.32422	84.70052
0.12972	1.33518	1.14627	9.80257	95.74220	56.67318	78.64584
0.12382	1.33036	1.11687	9.63641	96.05470	57.51953	83.36588
0.12617	1.33968	1.10150	9.66484	95.96355	56.60807	84.92838
0.12057	1.32724	1.10949	9.68062	96.06771	58.30078	84.04948
0.13240	1.34449	1.13026	9.70392	95.62501	55.46875	81.28255
0.11948	1.33694	1.12118	9.73806	96.00261	56.47786	82.51953
0.13606	1.34377	1.13154	9.81849	95.54037	55.63151	80.43620
0.12859	1.34662	1.13498	9.75917	95.82683	55.66406	79.75260
0.12660	1.33719	1.11362	9.76486	95.93751	56.60807	83.39844
0.12600	1.33084	1.12129	9.63643	95.86589	57.84505	82.48698
0.12432	1.33398	1.11318	9.66075	95.93099	56.86849	83.95182
0.12475	1.33954	1.09770	9.59059	95.87240	56.31511	85.35156
0.12407	1.34308	1.11861	9.61396	95.98959	55.92448	83.13802
0.12395	1.35979	1.11012	9.47370	95.95052	53.64583	84.17969
0.12729	1.32164	1.10005	9.55661	95.90495	58.13802	84.86328
0.13231	1.33748	1.10490	9.80054	95.65105	55.95703	85.05859
0.12808	1.34868	1.11318	9.64345	95.87240	54.81771	82.51953
0.12372	1.32737	1.14948	9.73363	95.94402	58.07292	77.96224
0.12165	1.33596	1.12860	9.59161	96.10027	56.83594	81.44531
0.12275	1.34046	1.12726	9.62493	95.83985	56.15234	81.54297
0.11954	1.33496	1.11774	9.75091	96.21095	57.25911	82.16146
0.11753	1.32383	1.11747	9.63481	96.24349	58.13802	83.07291
0.12016	1.34720	1.11917	9.64853	96.08724	55.40364	81.15234
0.12295	1.32680	1.10336	9.44749	96.02214	57.97526	84.11459
0.12547	1.32867	1.11894	9.54151	95.87891	56.93359	83.23568
0.12733	1.33960	1.11752	9.64631	95.70964	56.93359	83.78906
0.12268	1.33455	1.11459	9.56082	95.96355	56.90104	82.45443
0.12050	1.33947	1.09567	9.45275	96.02865	56.18489	84.92838
0.12436	1.34763	1.10685	9.47934	95.80079	55.56641	84.60287
0.12051	1.32917	1.11221	9.51881	96.13933	57.42188	84.01693
0.12426	1.33526	1.10993	9.49437	95.95052	56.73828	83.49609
0.12519	1.33892	1.11107	9.54042	95.78126	56.34766	83.78906
0.13396	1.33322	1.13621	9.58130	95.56641	56.64062	79.49219
0.11761	1.31154	1.12134	9.58584	96.13282	59.37500	81.28255
0.11894	1.32603	1.09868	9.50108	96.04818	57.87761	85.41666
0.11465	1.32116	1.10209	9.36208	96.30209	57.48698	84.83073
0.11910	1.32541	1.10914	9.51063	96.10677	58.30078	83.72396
0.12283	1.32567	1.10251	9.57203	96.07423	57.42188	84.86328
0.12111	1.32561	1.13058	9.55878	95.92448	57.94271	80.63151
0.12741	1.34176	1.10294	9.38737	95.72266	55.69661	83.95182
0.11817	1.34604	1.11416	9.43074	96.31511	55.27344	82.29166
0.12082	1.31006	1.10560	9.29731	96.04818	59.79818	84.92838
0.12234	1.32327	1.11666	9.48147	96.18490	58.49609	82.09635
0.12000	1.32832	1.12043	9.58555	96.04167	57.38932	80.89193
0.12551	1.32822	1.13170	9.41072	95.90495	57.64974	80.20834
0.11509	1.32167	1.10408	9.39748	96.17188	57.77995	84.08203
0.11521	1.32799	1.11546	9.29057	96.26954	56.80339	83.39844
0.13245	1.33508	1.11115	9.39134	95.64454	57.03125	83.26823
0.11401	1.34024	1.11252	9.48338	96.25652	56.80339	83.52865
0.11452	1.31090	1.13910	9.51649	96.37370	59.53776	79.81771
0.12327	1.33833	1.13720	9.72198	96.00261	55.76172	79.10156
0.12584	1.33057	1.11346	9.52673	96.01563	56.99870	83.00781
0.11878	1.33407	1.11110	9.36094	95.97005	57.06380	83.72396
0.12035	1.32670	1.10724	9.42605	96.06120	57.51953	84.17969
0.12221	1.32576	1.11184	9.32779	95.95052	57.42188	82.81250
0.11913	1.32661	1.10439	9.44884	96.17839	57.51953	84.27734
0.12492	1.31840	1.11497	9.31634	95.89845	58.59375	81.77084
0.12345	1.30625	1.12379	9.47287	95.74870	60.15625	82.58463
0.11448	1.31845	1.12210	9.44261	96.28255	58.52864	82.12891
0.11994	1.32873	1.11891	9.28370	96.03516	56.80339	82.48698
0.11723	1.32027	1.09459	9.34911	96.06771	58.85417	85.61198
0.11352	1.32617	1.09942	9.26985	96.26302	57.55208	85.97005
0.11242	1.33128	1.10070	9.26110	96.36068	57.77995	84.60287
0.11944	1.32463	1.08900	9.46328	96.04818	57.94271	85.67709
0.11677	1.33027	1.10340	9.31157	96.17839	57.71484	85.22135
0.11672	1.31168	1.09699	9.27374	96.27605	59.63542	85.25391
0.11968	1.32947	1.10200	9.39804	96.19792	57.42188	83.65885
0.11436	1.32051	1.09641	9.25056	96.11329	58.43099	85.51432
0.11290	1.32566	1.10012	9.18941	96.32813	57.45443	85.41666
0.10622	1.32800	1.08784	9.26285	96.56251	57.97526	86.58854
0.11332	1.32295	1.08748	9.18595	96.18490	58.26823	85.80729
0.11407	1.33703	1.09007	9.29800	96.28255	56.31511	86.62109
0.11276	1.32194	1.10592	9.27236	96.49740	58.04036	84.04948
0.11644	1.32843	1.10359	9.21991	96.23698	57.71484	83.91927
0.11496	1.32849	1.07793	9.24026	96.30209	57.38932	87.17448
0.11675	1.30885	1.07632	9.20732	96.15235	59.79818	87.56510
0.11037	1.31866	1.09670	9.13564	96.30860	57.94271	85.05859
0.10601	1.33233	1.09223	9.15811	96.44532	57.51953	85.90495
0.10920	1.32015	1.09068	9.26549	96.47136	58.46354	85.54688
0.12100	1.32375	1.10906	9.34981	96.15235	58.13802	83.00781
0.12136	1.31756	1.14117	9.38178	96.15886	58.91927	78.32031
0.12412	1.32261	1.09056	9.06086	95.88542	58.07292	85.97005
0.10939	1.32194	1.10602	9.27056	96.56902	58.43099	83.04037
0.10866	1.31841	1.09796	9.27620	96.33464	58.65886	85.15625
0.11420	1.32521	1.09469	9.16705	96.35417	57.25911	85.05859
0.10827	1.32289	1.09371	9.18376	96.41277	58.26823	85.15625
0.11388	1.32761	1.09686	9.21972	96.18490	57.16146	85.38412
0.11079	1.31652	1.10130	9.13220	96.38673	58.65886	83.88672
0.10831	1.32373	1.08934	9.12827	96.55599	58.00781	85.97005
0.11352	1.31210	1.10086	9.16276	96.29558	59.66797	83.49609
0.10332	1.31679	1.09510	9.18523	96.74480	58.36589	84.17969
0.11224	1.32316	1.09913	9.16965	96.48438	58.07292	84.47266
0.11462	1.31074	1.10186	9.16072	96.17188	59.53776	84.14713
0.11640	1.32473	1.10452	9.24581	96.16537	57.58464	83.52865
0.11915	1.31037	1.09134	9.29108	96.02865	59.76562	85.12370
0.11254	1.31246	1.12254	9.44679	96.28907	59.60286	80.98959
0.11132	1.32528	1.11322	9.30856	96.38673	57.48698	82.38932
0.11094	1.29573	1.10825	9.28346	96.36068	61.13281	83.10547
0.11138	1.33158	1.11525	9.21782	96.42579	56.93359	81.54297
0.11332	1.31350	1.11003	9.19028	96.29558	59.99349	83.82162
0.10773	1.32494	1.09387	9.11584	96.60157	57.91016	84.92838
0.10906	1.31439	1.09238	9.09168	96.48438	58.95182	85.74219
0.10808	1.32082	1.08163	9.20434	96.48438	58.30078	86.36068
0.10686	1.33482	1.08149	9.03454	96.56251	56.60807	86.13281
0.10842	1.32322	1.08784	9.09015	96.39974	57.97526	86.71875
0.10521	1.31088	1.09089	9.16050	96.53646	59.73307	84.66797
0.11963	1.30677	1.10331	9.19721	96.21095	60.54688	83.39844
0.10984	1.30324	1.10428	9.26510	96.39974	60.80729	83.20312
0.10968	1.31772	1.10197	9.07545	96.66667	58.88672	83.33334
0.11410	1.31133	1.08529	9.10203	96.40626	58.78906	85.93750
0.11121	1.31236	1.09488	9.10713	96.38673	59.24479	84.89584
0.10598	1.31153	1.09629	8.95582	96.57552	59.24479	84.86328
0.11110	1.31478	1.08945	9.07047	96.39974	58.88672	85.87240
0.10707	1.29893	1.08174	9.02448	96.56902	61.10026	86.16537
0.10734	1.31296	1.09801	9.05337	96.54298	59.01693	85.51432
0.10232	1.30610	1.09061	8.99939	96.75130	59.60286	85.51432
0.10921	1.30531	1.08844	8.97243	96.40626	59.92839	85.87240
0.10521	1.31214	1.07734	8.99401	96.55599	58.95182	87.17448
0.11025	1.31595	1.07308	8.97850	96.36068	58.85417	87.59766
0.10888	1.31713	1.08623	8.95726	96.56251	58.62630	85.41666
0.10961	1.32348	1.09066	8.99347	96.29558	58.13802	85.48177
0.11257	1.32262	1.09644	9.02243	96.29558	57.97526	84.30990
0.09974	1.29448	1.08901	9.08313	96.75130	61.55599	85.54688
0.10713	1.31055	1.07599	9.05848	96.55599	59.63542	87.23959
0.10957	1.30414	1.09344	9.06534	96.37370	60.57943	84.99349
0.10391	1.31956	1.08307	9.12308	96.69271	58.33333	86.32812
0.11041	1.30544	1.08041	8.91057	96.38673	60.25391	86.55599
0.10478	1.29980	1.08785	9.00719	96.68620	60.67708	86.06771
0.10240	1.31912	1.09132	9.07229	96.79688	58.39844	84.30990
0.10991	1.31312	1.09790	9.03636	96.74480	59.24479	84.99349
0.11152	1.30744	1.08458	8.99807	96.52345	59.66797	86.13281
0.10620	1.31540	1.08243	8.98864	96.58855	59.24479	86.26302
0.10414	1.32254	1.07652	8.90541	96.69271	57.55208	87.69531
0.10479	1.31982	1.08106	9.03707	96.73177	58.62630	86.49088
0.10550	1.30589	1.07177	8.99847	96.50391	60.05859	87.95573
0.10463	1.30309	1.09065	9.02540	96.61459	60.67708	85.67709
0.09604	1.30589	1.08067	9.10257	96.93360	59.66797	86.39323
0.10673	1.31796	1.09315	8.91735	96.69923	58.95182	86.29557
0.10463	1.31488	1.06707	8.96221	96.65365	58.49609	87.89062
0.10590	1.31213	1.08431	8.91475	96.43230	59.53776	86.00260
0.10402	1.29843	1.07892	8.97046	96.64714	60.61198	87.01172
0.11149	1.31002	1.08345	8.98252	96.25652	59.86328	86.06771
0.09597	1.30296	1.06506	8.84194	97.01823	59.96094	87.72787
0.10672	1.29635	1.09148	8.97815	96.54948	61.36068	85.25391
0.10381	1.29845	1.08258	8.89292	96.70573	60.80729	86.45834
0.10771	1.30932	1.08839	9.06389	96.59505	59.53776	85.74219
0.11051	1.30438	1.06948	9.01832	96.41277	60.22136	88.18359
0.10679	1.30690	1.07514	8.81706	96.65365	60.22136	87.20703
0.10833	1.30857	1.07269	8.88017	96.51693	59.96094	87.76041
0.10660	1.30566	1.07411	8.90732	96.53646	59.66797	87.50000
0.10606	1.29426	1.07040	8.91426	96.58855	61.36068	87.43490
0.09972	1.30710	1.06832	9.08942	96.84896	59.83073	87.33724
0.10784	1.28861	1.07578	9.01195	96.45183	62.10938	87.10938
0.10146	1.31245	1.07901	8.91127	96.65365	59.83073	86.06771
0.09887	1.30064	1.09307	8.83880	96.82943	60.51432	84.40755
0.10597	1.32055	1.08721	9.00648	96.54298	57.81250	85.05859
0.10548	1.30876	1.08072	8.94757	96.65365	59.63542	86.84896
0.10228	1.30941	1.06531	8.87436	96.76433	60.18880	87.59766
0.10973	1.30941	1.08221	8.87154	96.40626	59.99349	86.91406
0.10420	1.30681	1.07782	8.89712	96.63412	59.57031	86.45834
0.09852	1.31767	1.06980	8.83979	96.86849	58.72396	87.27213
0.10405	1.29214	1.07264	8.80861	96.67970	61.19792	87.53255
0.10829	1.30665	1.09060	8.93626	96.43880	59.53776	85.35156
0.10727	1.31203	1.09261	8.93116	96.42579	59.08203	84.76562
0.10274	1.31205	1.08447	9.00101	96.73177	58.75651	85.51432
0.10287	1.30346	1.08699	8.76453	96.56902	60.12370	85.70963
0.11063	1.29773	1.07817	8.83514	96.49740	60.90495	87.07682
0.10147	1.30046	1.07600	8.93751	96.75130	60.70964	86.78385
0.09575	1.29786	1.06967	8.78857	96.94662	60.87239	87.92318
0.09637	1.30175	1.07221	8.73322	96.82943	60.67708	87.46745
0.10620	1.30944	1.06466	8.76227	96.55599	59.73307	88.28125
0.09941	1.30157	1.06958	8.90819	96.77735	60.57943	87.40234
0.09906	1.30560	1.06943	8.80978	96.90755	60.02604	87.59766
0.10042	1.29851	1.07433	8.80729	96.69923	61.16536	86.39323
0.10355	1.30330	1.06068	8.86402	96.54298	60.25391	88.89974
0.10203	1.28786	1.07051	8.80426	96.55599	62.27214	87.69531
0.10178	1.30636	1.07816	8.92446	96.59505	59.86328	86.58854
0.10176	1.29777	1.08465	8.69347	96.66667	60.48177	85.77474
0.10030	1.30624	1.06846	8.81468	96.82943	60.12370	87.36979
0.10069	1.30326	1.07770	8.82410	96.74480	60.31901	87.14193
0.10510	1.30783	1.07651	8.92326	96.67318	59.83073	87.36979
0.09939	1.31104	1.08436	8.81290	96.87501	58.88672	85.67709
0.10046	1.30240	1.07877	8.95007	96.80339	60.41667	86.62109
0.10141	1.30120	1.07701	8.88647	96.61459	60.38411	86.97916
0.10265	1.29218	1.07162	8.81076	96.80990	61.75130	87.23959
0.09933	1.29159	1.08081	8.81957	96.87501	61.26302	86.16537
0.09812	1.29779	1.08444	8.82787	96.81641	60.97005	85.54688
0.10162	1.30071	1.06622	8.82062	96.85548	60.51432	88.70443
0.10048	1.29753	1.08079	8.95549	96.88152	61.13281	85.48177
0.10027	1.31163	1.07217	8.83373	96.77735	58.75651	86.71875
0.10204	1.31024	1.07890	8.93686	96.67318	59.30989	85.93750
0.10270	1.29311	1.07300	8.84292	96.63412	61.39323	88.15104
0.10627	1.29700	1.07562	8.80539	96.60157	61.26302	86.91406
0.09728	1.30747	1.06824	8.72578	96.89454	59.86328	87.69531
0.10335	1.31279	1.07335	8.82748	96.67970	58.88672	87.46745
0.10721	1.30664	1.06768	8.84632	96.47136	60.09114	87.46745
0.10309	1.30780	1.07326	8.85797	96.80339	59.73307	87.14193
0.09564	1.29416	1.07389	8.71807	96.95313	61.42578	86.19791
0.10419	1.29063	1.07619	8.76008	96.79037	61.58854	87.14193
0.09834	1.30049	1.07542	8.69895	96.95964	60.28646	87.66276
0.09530	1.31364	1.06771	8.71378	96.90755	59.53776	87.92318
0.10377	1.29891	1.06979	8.86471	96.72527	60.48177	87.04427
0.10086	1.30114	1.08436	8.74625	96.81641	60.57943	85.64453
0.09896	1.29301	1.08444	8.71531	96.92058	61.03516	85.77474
0.10182	1.29996	1.07205	8.72279	96.77084	60.18880	86.88151
0.09354	1.29093	1.06802	8.79276	97.03777	61.55599	87.17448
0.09212	1.27726	1.05880	8.68809	97.01173	63.60677	88.28125
0.10187	1.29610	1.06224	8.67003	96.76433	61.10026	88.24870
0.09744	1.30499	1.07330	8.72060	96.86198	59.86328	87.14193
0.10218	1.28878	1.08669	8.71528	96.69271	62.01172	85.31901
0.09979	1.29668	1.06467	8.83996	96.77735	61.19792	88.60677
0.11011	1.30677	1.06410	8.62791	96.56251	59.89583	87.89062
0.10288	1.30165	1.06659	8.64747	96.76433	60.80729	88.54166
0.09913	1.29382	1.06896	8.68774	96.82292	60.77474	88.11849
0.10071	1.28536	1.06005	8.78103	96.75130	62.30469	88.80209
0.10028	1.29597	1.08233	8.76829	96.82292	61.00261	86.39323
0.09875	1.29947	1.05953	8.74605	96.82943	60.87239	88.41146
0.09939	1.29523	1.08084	8.63661	96.89454	61.23047	85.83984
0.10410	1.29879	1.07199	8.79960	96.62761	60.41667	87.43490
0.10049	1.29696	1.07353	8.77399	96.76433	61.19792	87.82552
0.09728	1.29738	1.07286	8.90255	96.70573	60.70964	86.32812
0.09832	1.30487	1.07274	8.77338	96.82943	60.12370	86.55599
0.10712	1.29144	1.08778	8.76166	96.52345	61.81641	84.37500
0.10588	1.30159	1.07342	8.84087	96.64714	60.57943	87.07682
0.09880	1.28382	1.07222	8.76566	96.73177	62.50000	87.17448
0.09824	1.29848	1.08077	8.89377	96.74480	60.41667	86.81641
0.10505	1.29418	1.07147	8.78690	96.60157	61.39323	87.20703
0.10487	1.30144	1.07352	8.83257	96.58855	60.31901	87.20703
0.09463	1.29815	1.07306	8.70046	96.91407	60.87239	86.81641
0.09302	1.28616	1.06335	8.67944	97.10938	62.27214	88.02084
0.09247	1.29367	1.06613	8.70230	97.10938	60.51432	88.05338
0.10787	1.27553	1.06985	8.73365	96.48438	63.18359	87.95573
0.09695	1.28149	1.07216	8.78038	96.98568	63.31380	87.33724
0.09709	1.28664	1.06862	8.69687	96.92058	62.23958	88.11849
0.10131	1.30170	1.06025	8.64576	96.72527	60.93750	88.31380
0.09964	1.29508	1.06333	8.69572	96.82292	60.93750	88.60677
0.09672	1.29879	1.06404	8.66549	96.93360	60.74219	88.24870
0.10453	1.28766	1.07154	8.77894	96.66667	61.84896	87.20703
0.09713	1.28871	1.07008	8.73033	96.83595	62.30469	87.14193
0.09642	1.30589	1.06469	8.68711	96.75782	60.41667	87.59766
0.10152	1.29615	1.08671	8.75237	96.78386	60.70964	84.57031
0.10204	1.30247	1.07838	8.79476	96.77735	59.66797	86.68620
0.09620	1.30780	1.06493	8.71057	96.95313	59.53776	87.40234
0.09372	1.28696	1.06636	8.67132	96.99870	62.04427	88.15104
0.10065	1.28792	1.06905	8.87812	96.92058	62.23958	87.04427
0.10004	1.28885	1.06530	8.70316	96.79037	62.01172	88.41146
0.09554	1.29034	1.07231	8.64453	97.12891	61.97917	86.84896
0.09807	1.29078	1.06019	8.60708	96.92709	61.55599	88.96484
0.10326	1.29691	1.07057	8.78490	96.66667	61.42578	87.85807
0.10688	1.30186	1.07032	8.87901	96.73829	60.87239	87.69531
0.09886	1.29103	1.06573	8.65646	96.79037	61.55599	88.67188
0.09711	1.29888	1.05943	8.75499	96.92058	60.74219	89.06250
0.09613	1.29284	1.07248	8.87932	96.88802	61.55599	87.01172
0.09941	1.30256	1.06576	8.77641	96.84896	60.38411	87.69531
0.10479	1.28821	1.06351	8.66302	96.67970	61.65364	88.15104
0.09323	1.28923	1.06240	8.68658	97.12240	61.94661	88.05338
0.10059	1.29157	1.05059	8.64038	96.73829	61.32812	90.07162
0.09636	1.29013	1.05882	8.64697	96.94011	61.78386	89.32291
0.10140	1.29795	1.06422	8.60175	96.77084	60.12370	87.46745
0.09099	1.29269	1.05805	8.63558	97.12891	61.32812	89.12760
0.10112	1.29315	1.05977	8.76895	96.82943	61.26302	88.70443
0.10598	1.28893	1.07130	8.87828	96.78386	61.91406	87.40234
0.10149	1.28893	1.06649	8.59035	96.68620	62.01172	87.76041
0.09861	1.28476	1.07528	8.66543	96.75782	62.56511	86.81641
0.09802	1.30050	1.06649	8.66235	96.76433	60.70964	88.18359
0.09437	1.29925	1.06560	8.74764	96.86849	60.41667	87.89062
0.09431	1.29011	1.06065	8.76078	96.99220	61.55599	88.86719
0.09732	1.29053	1.05393	8.59259	96.90755	61.39323	89.61588
0.09248	1.28984	1.05391	8.62516	97.00521	61.75130	89.48568
0.09065	1.28629	1.06923	8.55550	97.07032	62.01172	87.50000
0.09336	1.28634	1.05538	8.74828	97.12891	62.27214	89.16016
0.09407	1.29733	1.05792	8.56723	97.00521	61.29557	89.71354
0.09274	1.29078	1.05277	8.61847	97.07032	62.56511	89.68099
0.09862	1.30145	1.06410	8.65232	96.87501	60.64453	87.59766
0.09453	1.28608	1.05499	8.65138	97.01823	62.04427	89.48568
0.10323	1.29079	1.05900	8.52322	96.51693	61.94661	87.98828
0.09087	1.28959	1.06277	8.65696	97.15495	61.84896	88.70443
0.09433	1.29802	1.06358	8.82471	97.05079	60.67708	88.11849
0.09188	1.29707	1.06561	8.74892	96.95313	61.06771	87.56510
0.09717	1.29168	1.05953	8.71339	96.90105	61.91406	88.73698
0.09377	1.29127	1.06316	8.61978	97.05079	61.81641	88.15104
0.09689	1.29322	1.06300	8.64428	96.87501	61.16536	88.37891
0.10117	1.27805	1.06703	8.62825	96.79688	62.98828	87.43490
0.09297	1.30449	1.06007	8.56428	97.10287	60.41667	88.67188
0.10038	1.28480	1.05808	8.60508	96.86198	61.97917	88.86719
0.08853	1.29259	1.06244	8.58702	97.17448	61.52344	88.80209
0.08829	1.28991	1.05112	8.61386	97.12240	61.78386	89.58334
0.08970	1.27729	1.05980	8.62473	97.28516	63.11849	88.28125
0.10147	1.28919	1.06889	8.70055	96.67970	61.78386	88.24870
0.09427	1.28127	1.06005	8.55051	97.01173	62.72786	88.08594
0.10255	1.30220	1.05526	8.58433	96.68620	60.61198	88.99740
0.09228	1.30063	1.06636	8.71113	97.08334	60.12370	87.43490
0.09928	1.29011	1.06916	8.70274	96.64714	61.75130	86.78385
0.09800	1.28378	1.04174	8.59870	96.97266	62.27214	90.95052
0.09096	1.29029	1.05041	8.55599	97.03126	62.01172	89.58334
0.09778	1.28342	1.06806	8.71949	96.87501	62.79297	88.18359
0.08914	1.28539	1.06299	8.61802	97.26563	62.17448	88.83463
0.10313	1.28708	1.06871	8.82369	96.69271	61.58854	87.53255
0.09681	1.29519	1.05851	8.61508	96.86198	60.93750	89.61588
0.09820	1.28955	1.06983	8.48465	96.77735	61.55599	86.78385
0.09587	1.28476	1.06354	8.53211	96.98568	62.14193	88.89974
0.09313	1.28204	1.06416	8.69045	97.03126	62.72786	87.27213
0.09401	1.29668	1.05822	8.59257	97.06380	60.77474	89.45312
0.09410	1.28369	1.05384	8.73190	97.03777	62.53255	89.12760
0.10472	1.28702	1.05795	8.55395	96.73177	61.78386	88.34635
0.09301	1.28888	1.05490	8.53541	96.99870	61.68620	89.35547
0.09421	1.29410	1.05874	8.64127	97.05730	61.03516	88.86719
0.10199	1.29215	1.06171	8.60606	96.79037	61.19792	88.41146
0.09501	1.30379	1.05988	8.67902	97.05730	59.99349	88.89974
0.09377	1.29132	1.04977	8.64906	96.99870	62.07682	89.71354
0.09679	1.28975	1.05026	8.52086	96.92709	62.04427	90.29948
0.09524	1.30506	1.05965	8.40972	97.17448	60.22136	88.11849
0.09326	1.29879	1.05857	8.49518	97.10938	60.48177	88.60677
0.09611	1.27930	1.06657	8.47099	96.88802	63.18359	88.11849
0.09668	1.30345	1.06393	8.69722	96.85548	60.38411	88.11849
0.09387	1.28977	1.05169	8.51808	97.03126	61.23047	89.68099
0.10028	1.27936	1.05219	8.61126	96.93360	62.89062	89.55078
0.09052	1.30401	1.05779	8.58719	97.05730	60.48177	89.02995
0.09828	1.28657	1.05350	8.50027	96.94662	61.75130	89.71354
0.09249	1.28590	1.06283	8.50918	97.08334	62.36979	87.79297
0.09962	1.28519	1.07006	8.62372	96.71224	62.79297	87.01172
0.09504	1.28895	1.05969	8.55978	97.02474	61.91406	89.19271
0.09505	1.28584	1.04758	8.65310	97.07683	62.56511	89.87630
0.08812	1.28854	1.06062	8.52916	97.28516	62.07682	88.60677
0.10038	1.28696	1.06440	8.61979	96.73829	62.82552	88.21615
0.09557	1.28024	1.05205	8.55919	96.93360	62.98828	90.23438
0.09358	1.29485	1.05139	8.45687	97.10938	61.10026	88.73698
0.10331	1.28582	1.06556	8.66357	96.67970	62.63021	87.92318
0.09103	1.30077	1.06094	8.57053	97.09636	60.90495	89.06250
0.09553	1.29393	1.05476	8.52359	96.90105	61.65364	89.48568
0.08845	1.27446	1.05446	8.65314	97.22657	63.21614	88.80209
0.09738	1.28545	1.06044	8.67823	96.90105	62.66276	88.70443
0.09420	1.29944	1.06530	8.69363	97.07032	60.09114	88.34635
0.09587	1.29115	1.04504	8.50840	96.90755	61.52344	90.72266
0.09468	1.29439	1.05676	8.58549	97.18751	61.19792	89.68099
0.09509	1.28568	1.04874	8.55441	96.95313	62.40234	90.23438
0.10306	1.28852	1.06853	8.75152	96.64063	62.30469	87.63021
0.09731	1.29545	1.05455	8.56536	96.92709	61.13281	89.87630
0.09465	1.28349	1.06687	8.55676	97.01173	62.95573	88.02084
0.09764	1.28952	1.06313	8.63570	96.84245	61.19792	88.34635
0.09375	1.30281	1.05697	8.59888	96.96615	60.28646	89.09505
0.09662	1.28385	1.05418	8.68370	96.88152	62.53255	89.42057
0.09728	1.30107	1.05330	8.53856	97.06380	61.55599	88.63932
0.09753	1.28652	1.05904	8.49929	96.93360	62.14193	88.47656
0.09198	1.29970	1.06397	8.44607	97.03126	60.48177	88.28125
0.09689	1.28908	1.05597	8.66686	96.95964	62.17448	89.02995
0.08579	1.28867	1.05758	8.49313	97.34376	61.78386	89.48568
0.09064	1.29075	1.05709	8.70097	97.20704	61.42578	89.12760
0.09082	1.29175	1.05606	8.62792	97.18099	61.32812	88.70443
0.08865	1.28885	1.06368	8.58359	97.27865	62.33724	88.08594
0.09498	1.28894	1.05442	8.71384	97.14193	61.84896	89.90885
0.09383	1.29812	1.06484	8.70751	97.12891	60.97005	87.69531
0.08525	1.26708	1.05594	8.50511	97.40235	64.48568	89.02995
0.09297	1.29346	1.06088	8.56937	97.07032	61.75130	88.34635
0.10221	1.29397	1.05416	8.60546	96.71224	61.36068	89.90885
0.09241	1.29119	1.07010	8.64069	96.88802	61.36068	87.20703
0.09710	1.28722	1.06371	8.48285	96.75782	61.97917	88.05338
0.09103	1.29494	1.06576	8.60308	97.20704	61.36068	87.53255
0.10309	1.29172	1.07111	8.47609	96.77084	61.68620	86.81641
0.09273	1.28379	1.05238	8.71939	97.09636	62.63021	89.45312
0.09622	1.28908	1.05145	8.55953	97.03126	62.95573	89.90885
0.09157	1.28378	1.05896	8.68625	97.09636	63.02083	88.89974
0.09405	1.28168	1.06192	8.59267	96.94662	62.79297	87.66276
0.09647	1.28337	1.06708	8.55393	96.90755	62.89062	87.79297
0.10109	1.29866	1.05139	8.61991	96.73829	60.83984	89.02995
0.09244	1.28506	1.05549	8.65682	97.14193	62.33724	89.48568
0.09515	1.28112	1.06405	8.63900	97.06380	62.72786	87.85807
0.09959	1.29522	1.04692	8.52296	96.65365	61.58854	90.65755
0.09793	1.29757	1.05669	8.69755	96.95313	60.74219	88.80209
0.09912	1.28327	1.05092	8.57061	96.79037	62.63021	89.61588
0.10068	1.27852	1.06850	8.58458	96.66016	62.20703	87.69531
0.09207	1.29539	1.05409	8.47006	96.97266	61.55599	89.35547
0.09588	1.29115	1.05394	8.55193	96.94011	61.81641	89.61588
0.09254	1.28075	1.05890	8.53424	96.91407	62.63021	88.96484
0.09940	1.28968	1.07139	8.68857	96.82292	61.68620	86.62109
0.09533	1.30551	1.06012	8.50521	96.98568	59.47266	88.67188
0.09909	1.29276	1.06686	8.49672	96.73829	61.52344	87.59766
0.09103	1.29620	1.05994	8.60799	97.17448	61.16536	88.60677
0.10041	1.27565	1.05556	8.50318	96.74480	63.67188	89.35547
0.09214	1.28746	1.05564	8.70954	97.03126	61.32812	89.55078
0.09515	1.28814	1.04479	8.47947	96.86849	62.40234	91.24349
0.09470	1.28643	1.05620	8.66998	96.88802	61.97917	89.19271
0.09427	1.28964	1.05373	8.54704	97.07683	61.75130	89.19271
0.09379	1.28179	1.06189	8.57869	97.03777	62.63021	87.85807
0.09790	1.28321	1.05954	8.49464	96.99220	62.59766	88.99740
0.09714	1.29057	1.05370	8.60032	96.71876	61.36068	89.87630
0.10358	1.27612	1.05860	8.52641	96.64063	63.41146	88.76953
