0.69335	1.61058	1.60994	0.29076	50.00000	18.84766	18.16406
0.69330	1.61048	1.60983	14.87971	50.00000	18.68490	18.55469
0.69326	1.60981	1.60925	14.86494	50.00000	19.98698	20.89844
0.69330	1.61048	1.60953	14.86077	50.00000	19.72656	19.33594
0.69316	1.61022	1.60951	14.84600	50.00000	19.82422	19.53125
0.69312	1.61053	1.60910	14.81553	50.00651	19.59635	20.70312
0.69300	1.61053	1.60937	14.80865	50.06511	18.81510	19.53125
0.69294	1.60951	1.60914	14.75365	50.07162	21.32162	20.50781
0.69286	1.60942	1.60891	14.76620	50.08464	20.99609	20.50781
0.69270	1.60995	1.60936	14.64527	52.22657	19.10807	19.14062
0.69262	1.60915	1.60904	14.60172	54.44011	21.25651	20.31250
0.69238	1.60903	1.60866	14.55629	56.54297	19.79167	20.89844
0.69217	1.60915	1.60870	14.51865	57.33724	20.60547	21.48438
0.69208	1.60850	1.60868	14.37763	56.29557	20.47526	20.70312
0.69166	1.60850	1.60839	14.28590	57.97526	20.11719	22.07031
0.69133	1.60805	1.60899	14.14906	59.27735	20.50781	18.94531
0.69084	1.60760	1.60926	14.05852	61.57552	20.76823	18.16406
0.69074	1.60756	1.60813	14.05020	61.92709	20.05208	22.26562
0.69102	1.60693	1.60814	14.15296	59.55079	20.50781	22.29818
0.69034	1.60651	1.60874	13.85937	63.68490	20.89844	18.97787
0.68995	1.60637	1.60861	13.85231	64.95443	20.01953	20.37760
0.68915	1.60645	1.60848	13.60754	66.76433	19.20573	20.14974
0.68830	1.60617	1.60895	13.64379	68.02734	21.15885	21.71224
0.68791	1.60486	1.60799	13.49236	67.63672	24.70703	25.32552
0.68681	1.60479	1.60811	13.66551	69.64844	25.09766	25.68359
0.68625	1.60512	1.60830	13.42514	67.49349	22.29818	24.41406
0.68505	1.60463	1.60803	13.46118	68.50912	25.35807	25.00000
0.68356	1.60377	1.60816	13.31729	69.29037	25.97656	24.12109
0.68226	1.60345	1.60800	13.37932	69.22527	24.18620	25.32552
0.68075	1.60162	1.60761	13.31934	68.71745	25.94401	26.56250
0.67775	1.60220	1.60759	13.17800	71.19792	25.71615	26.98568
0.67586	1.60332	1.60750	13.03711	70.34505	24.44662	28.61328
0.67236	1.60227	1.60801	13.14704	70.63802	23.89323	26.30208
0.66822	1.59973	1.60724	13.01185	71.00912	26.49740	28.15755
0.66153	1.60160	1.60702	12.89912	73.13152	24.41406	27.60417
0.65692	1.60072	1.60669	12.99301	72.51302	24.38151	29.45963
0.65126	1.59910	1.60709	12.82788	71.91406	25.97656	29.52474
0.64336	1.59967	1.60692	13.04055	72.29167	25.09766	30.46875
0.63313	1.60013	1.60678	12.89352	73.12500	25.09766	30.63151
0.62364	1.59814	1.60704	12.86194	72.27214	26.13932	29.85026
0.61252	1.59768	1.60668	12.80820	72.94922	25.00000	30.66406
0.59654	1.59994	1.60635	12.87308	73.03386	23.56771	33.17057
0.58448	1.59775	1.60628	12.90460	73.20313	25.35807	33.62630
0.56800	1.59721	1.60609	12.75066	74.30339	25.16276	31.86849
0.55292	1.59654	1.60548	12.86860	74.73959	26.17188	31.41276
0.54083	1.59691	1.60611	12.88373	74.83724	25.22787	29.29688
0.51845	1.59576	1.60546	12.71916	76.88802	24.96745	29.88281
0.50336	1.59631	1.60577	12.65963	77.53255	24.12109	30.89193
0.48882	1.59512	1.60464	12.61120	77.67579	24.86979	32.25911
0.47832	1.59497	1.60516	12.75075	77.82552	24.70703	26.17188
0.47130	1.59504	1.60423	12.77655	77.59766	24.34896	26.46484
0.45378	1.59332	1.60391	12.65420	79.04948	26.20443	26.72526
0.43939	1.59639	1.60315	12.63370	79.26433	23.79557	32.64974
0.45866	1.59523	1.60265	13.31863	77.70183	24.05599	37.40234
0.53463	1.59434	1.60509	13.13274	69.76562	24.60938	21.06120
0.53297	1.59350	1.60465	13.45110	73.43099	25.87891	32.06380
0.49763	1.59574	1.60503	12.85542	76.64714	24.05599	24.15365
0.48143	1.59355	1.60451	12.50055	77.87110	24.41406	22.03776
0.45959	1.59247	1.60397	12.55934	78.33985	24.54427	22.33073
0.44305	1.59050	1.60241	12.47274	79.86329	25.65104	23.40495
0.43265	1.58919	1.60293	12.48972	79.75261	26.07422	22.49349
0.41530	1.58980	1.60096	12.36886	81.52345	24.93490	23.76302
0.40194	1.58921	1.60149	12.45307	82.46095	24.64193	22.68880
0.38607	1.59054	1.60093	12.38339	83.45704	24.28385	21.97266
0.38120	1.58190	1.60034	12.39090	83.33985	26.43229	21.51693
0.37681	1.58513	1.59659	12.38687	83.61329	26.13932	24.18620
0.36293	1.57977	1.59580	12.39768	84.80470	29.94792	23.30729
0.34910	1.58914	1.59526	12.35996	85.34505	28.09245	22.94922
0.33064	1.57547	1.59210	12.32231	86.58855	30.76172	23.27474
0.32314	1.58042	1.58870	12.31500	86.92709	30.14323	24.77213
0.31627	1.57797	1.58499	12.29036	87.57813	30.98958	26.49740
0.30498	1.57404	1.58662	12.26662	88.13802	31.44531	22.16797
0.31431	1.56716	1.58466	12.22041	87.34376	32.81250	23.43750
0.29110	1.56628	1.58115	12.13194	88.60677	33.36589	23.89323
0.29109	1.56814	1.57472	12.14798	88.78907	32.25911	25.42318
0.27860	1.56333	1.57256	12.17827	89.63542	32.58464	28.25521
0.28286	1.56474	1.56310	12.18587	89.04298	31.05469	30.82682
0.27349	1.56264	1.56363	12.21801	89.58985	32.19401	34.86328
0.26232	1.55521	1.56052	12.15220	90.31902	33.36589	34.92839
0.25586	1.55868	1.55272	12.10765	90.46876	32.32422	36.49089
0.26162	1.54359	1.54844	12.02936	90.41667	34.44011	36.29557
0.26078	1.54710	1.54395	12.08039	90.24089	34.60286	38.41146
0.27406	1.53835	1.54009	12.16613	89.87630	35.44922	39.90886
0.26463	1.53591	1.53518	12.00810	89.90235	35.74219	38.24870
0.25992	1.53545	1.53132	12.08786	90.24740	37.82552	36.19792
0.26367	1.53792	1.52124	11.87178	89.99349	37.89062	40.26693
0.25770	1.52304	1.51325	11.99144	90.35157	39.51823	39.64844
0.26593	1.51818	1.52368	11.97205	90.17579	40.26693	37.50000
0.26073	1.51235	1.50141	11.78300	90.35157	40.91797	41.30859
0.23317	1.53219	1.50291	11.95146	91.75782	37.40234	39.45312
0.24582	1.51833	1.50229	11.72622	91.08724	39.64844	40.52734
0.23029	1.51277	1.49850	11.82507	91.75782	40.29948	39.97396
0.23225	1.50354	1.49446	11.79267	91.54948	41.43880	43.52214
0.23946	1.50993	1.49251	11.75712	91.30860	40.26693	42.48047
0.23801	1.50574	1.48696	11.62650	91.43230	39.45312	43.32682
0.21857	1.49868	1.48565	11.76927	92.36329	40.55989	44.95443
0.21061	1.49409	1.47419	11.60625	92.77345	41.86198	47.46094
0.21334	1.50325	1.48019	11.63415	92.49349	40.82031	45.08464
0.22456	1.48275	1.47890	11.75921	92.08334	42.54557	48.14453
0.22410	1.48985	1.48768	11.59476	92.02474	41.92708	44.43359
0.23547	1.48139	1.47007	11.49396	91.62110	42.28516	47.91667
0.21194	1.47716	1.46012	11.57325	92.40235	42.51302	49.47917
0.21144	1.47345	1.46905	11.42280	92.57162	42.77344	47.68880
0.21008	1.47593	1.45796	11.46529	92.44141	42.31771	46.84245
0.20788	1.48426	1.46317	11.59040	92.61720	41.21094	47.59114
0.21149	1.46915	1.46680	11.53310	92.66277	43.09896	44.46614
0.20188	1.46418	1.45751	11.42565	92.89714	43.29427	51.30208
0.22711	1.46806	1.46038	11.61517	91.56902	43.00130	51.88802
0.21666	1.47938	1.45837	11.39990	92.01823	41.24349	46.41927
0.21119	1.46990	1.45689	11.37888	92.53907	42.64323	54.00391
0.20194	1.46584	1.44467	11.35847	92.77995	43.26172	53.15755
0.21095	1.47340	1.45045	11.18207	92.53907	41.92708	55.82682
0.21734	1.47831	1.44256	11.37258	92.18751	41.66667	52.18099
0.19640	1.46887	1.43745	11.30052	93.15105	42.90364	56.60807
0.19449	1.46771	1.43203	11.21328	93.25521	42.51302	55.63151
0.20910	1.45485	1.42922	11.25541	92.89063	44.69401	53.51562
0.21800	1.46921	1.44195	11.37976	92.19402	42.57812	51.17188
0.20335	1.46397	1.41729	11.17361	92.89714	42.48047	54.26432
0.19629	1.45798	1.42431	11.10008	93.21615	43.03386	51.59505
0.19193	1.47467	1.43135	11.17205	93.48308	41.66667	49.86979
0.19035	1.45206	1.41000	11.03608	93.45704	44.04297	53.28776
0.19804	1.44916	1.41779	10.99739	93.54818	45.01953	49.96745
0.18539	1.46487	1.40784	11.08862	93.73698	42.31771	51.23698
0.19688	1.44615	1.42354	11.13209	93.11849	44.36849	47.68880
0.18983	1.46848	1.41605	11.06487	93.43099	41.79688	50.35807
0.17819	1.45162	1.39827	11.03001	94.10157	43.71745	50.91146
0.18332	1.45861	1.41674	11.05004	93.76302	43.00130	47.78646
0.18278	1.45812	1.40532	11.00082	93.95183	42.67578	48.53516
0.18688	1.45299	1.39283	10.89942	93.81511	43.75000	52.57161
0.19267	1.46370	1.39844	11.29720	93.24870	42.15495	51.13932
0.23545	1.44912	1.42917	11.74463	91.32162	44.01042	45.80078
0.21291	1.46911	1.42710	11.28995	92.57813	41.76432	47.81901
0.19451	1.45732	1.40926	11.09943	93.28126	43.91276	49.25130
0.20270	1.45501	1.39463	11.04616	92.88412	44.20573	50.84636
0.20012	1.44243	1.39182	10.98270	93.13802	45.70312	50.29297
0.19736	1.45203	1.39646	11.01415	93.14454	44.23828	48.86068
0.19930	1.45163	1.39868	10.93613	92.98829	44.17318	48.47005
0.19467	1.45236	1.38973	10.97961	93.22917	43.71745	50.16276
0.18452	1.44493	1.39021	10.89617	93.59376	44.75911	48.04688
0.18835	1.45026	1.39507	10.88317	93.65886	44.10807	48.47005
0.18114	1.45473	1.38476	10.83441	93.92579	42.93620	48.43750
0.18695	1.46851	1.37565	10.83641	93.71745	42.08984	50.87891
0.17775	1.44790	1.36820	10.76784	94.01693	44.27083	52.44141
0.17577	1.45179	1.36525	10.88160	94.26433	43.58724	52.73438
0.17619	1.45452	1.36975	10.76958	94.21224	43.58724	51.00911
0.16855	1.44332	1.36122	10.70952	94.25130	45.70312	53.41797
0.18318	1.44419	1.38540	10.68949	93.91927	45.05208	49.05599
0.17257	1.43968	1.37842	10.81231	94.11459	45.21484	50.45573
0.17820	1.44672	1.36566	10.76097	94.16667	44.14062	52.83203
0.16384	1.43667	1.35041	10.68132	94.71355	45.76823	56.57552
0.16665	1.45258	1.36074	10.82617	94.33595	43.48958	53.09245
0.17650	1.44660	1.38135	10.79116	94.19271	44.59636	51.52995
0.18261	1.44933	1.35977	10.73213	93.82162	44.30339	56.44531
0.18873	1.43195	1.36023	10.93322	93.43099	47.00521	57.19401
0.18102	1.43996	1.35680	10.94843	93.88021	45.54036	61.36068
0.18233	1.43911	1.36188	10.74147	94.00391	45.83333	58.69141
0.17326	1.43927	1.34763	10.70605	94.13412	46.28906	60.41667
0.17678	1.45426	1.34171	10.63179	94.09505	44.10807	63.37891
0.18975	1.44483	1.36123	10.74511	93.39193	45.67057	58.62630
0.18304	1.43005	1.36183	10.75669	94.00391	46.97266	62.43489
0.16092	1.42495	1.33907	10.62387	94.68099	47.94922	64.55078
0.17617	1.44531	1.33015	10.62406	94.01693	45.18229	65.59245
0.18252	1.43716	1.33854	10.70345	93.82813	46.51693	68.71745
0.16775	1.43589	1.33184	10.52546	94.57032	46.94011	67.90365
0.15961	1.44324	1.32041	10.56242	94.73308	45.89844	68.84766
0.16786	1.42849	1.31699	10.51659	94.54427	46.90755	69.27084
0.16302	1.43599	1.32343	10.53556	94.72005	46.74479	67.61068
0.16513	1.42062	1.31472	10.54192	94.58334	48.76302	71.61459
0.16583	1.43012	1.33155	10.62047	94.43360	47.36328	68.22916
0.16802	1.42871	1.31473	10.64401	94.26433	47.16797	70.37760
0.17119	1.43401	1.31374	10.56392	94.17318	46.58203	67.77344
0.16052	1.41934	1.30884	10.58480	94.47266	48.92578	71.94010
0.16269	1.42156	1.30568	10.51298	94.59636	48.79557	70.99609
0.17399	1.42323	1.30821	10.47114	94.00391	48.92578	69.14062
0.16063	1.42366	1.29267	10.44605	94.85027	48.27474	71.22396
0.16335	1.42108	1.30410	10.47020	94.57683	48.53516	69.98698
0.16285	1.41683	1.30081	10.45927	94.51823	49.08854	71.06120
0.17214	1.41913	1.31199	10.60921	94.14714	48.47005	66.21094
0.18612	1.42019	1.31543	10.74164	93.62630	48.79557	63.54167
0.16861	1.43232	1.32193	10.75752	94.21876	47.07031	66.24349
0.17040	1.43509	1.29569	10.53376	94.10157	47.13542	69.17318
0.17467	1.41990	1.28848	10.51004	94.04298	48.76302	70.57291
0.15607	1.41541	1.28888	10.40571	94.58985	49.70703	71.90755
0.17194	1.40665	1.28148	10.42561	94.22527	50.06511	71.97266
0.16989	1.42965	1.27750	10.44766	94.16667	46.87500	71.71224
0.16263	1.40366	1.27857	10.38319	94.57683	50.45573	71.84245
0.14835	1.41928	1.27593	10.35482	95.18230	48.60026	72.16797
0.16359	1.41487	1.29320	10.47048	94.49220	48.79557	69.04297
0.16039	1.41650	1.27172	10.29769	94.56380	48.69792	71.90755
0.16215	1.41336	1.26982	10.53319	94.56380	49.12109	69.14062
0.16073	1.42247	1.26862	10.27624	94.52474	48.47005	72.59115
0.15723	1.42144	1.26462	10.32455	94.79167	48.27474	73.11198
0.16192	1.41258	1.26661	10.40186	94.70704	49.80469	70.93099
0.14933	1.43439	1.27337	10.41849	95.13021	46.77734	70.93099
0.15135	1.39423	1.25238	10.17139	94.83073	51.98568	72.36328
0.15609	1.41195	1.24972	10.37555	94.81771	48.99089	72.68880
0.15969	1.41253	1.26579	10.31720	94.47917	48.76302	71.61459
0.14603	1.40522	1.26523	10.21599	95.27995	50.06511	70.21484
0.16101	1.39394	1.24128	10.19944	94.63542	51.66016	74.31641
0.15123	1.40400	1.25889	10.19003	94.88282	49.96745	72.23307
0.14460	1.41033	1.25214	10.22563	95.19532	49.83724	71.61459
0.14738	1.39972	1.23721	10.19449	95.19532	50.71614	74.25130
0.14769	1.40376	1.23388	10.11624	95.01954	50.35807	75.42318
0.14074	1.40463	1.23315	10.17768	95.35808	50.00000	73.43750
0.14704	1.39300	1.25048	10.19640	95.09115	51.23698	71.67969
0.14657	1.40946	1.23256	10.14306	95.12370	49.44661	75.00000
0.14124	1.40456	1.24806	10.26322	95.29948	50.06511	72.07031
0.14440	1.40896	1.23284	10.04803	94.95443	49.67448	74.18620
0.15759	1.40608	1.22225	10.15972	94.80470	50.00000	75.16276
0.15808	1.38865	1.23322	10.29405	94.79167	52.40886	73.37240
0.15859	1.39634	1.24450	10.16594	94.65495	50.26042	72.23307
0.15057	1.40496	1.22421	10.19501	94.90235	50.09766	73.89323
0.15169	1.39563	1.25388	10.28195	94.76563	50.97656	69.72656
0.15109	1.39770	1.22213	10.01400	94.99349	50.97656	74.73959
0.14960	1.39336	1.22755	10.14859	94.98698	51.04167	75.48828
0.15308	1.39821	1.21396	10.12548	94.73959	50.32552	75.29297
0.13718	1.41964	1.21353	9.98903	95.44923	47.91667	76.13932
0.13612	1.40196	1.22519	10.02659	95.39063	49.96745	74.64193
0.13598	1.41356	1.21180	10.07271	95.63152	48.86068	76.10677
0.15117	1.39180	1.23602	10.02396	94.84376	51.26953	70.73568
0.15853	1.41424	1.27214	10.46298	94.94141	48.63281	65.42969
0.13579	1.39885	1.20368	10.09766	95.44271	50.91146	76.92057
0.14551	1.38708	1.21411	9.91648	95.08464	51.69271	75.71615
0.15285	1.39589	1.22171	9.99518	94.86329	50.81380	74.12109
0.15089	1.39473	1.23044	10.07314	94.81771	50.58594	72.59115
0.15200	1.39680	1.22868	10.11539	94.83073	51.36719	71.35416
0.14586	1.38784	1.23214	10.09283	95.09115	51.69271	71.94010
0.14573	1.40185	1.21796	10.00963	95.26042	50.09766	75.52084
0.14274	1.39446	1.21246	10.07277	95.24089	50.78125	76.52995
0.15002	1.40047	1.21305	9.97761	95.26693	50.29297	75.78125
0.14612	1.37891	1.21497	10.00068	94.95443	52.76693	74.77213
0.15012	1.38599	1.22703	10.14892	94.80470	51.49739	73.30729
0.14879	1.38948	1.19195	9.97439	94.95443	51.23698	77.79948
0.13762	1.40796	1.21257	9.97399	95.36459	49.54427	75.84635
0.15185	1.39753	1.19761	10.01186	94.84376	50.39062	78.64584
0.15625	1.41024	1.21439	10.01844	94.79818	48.60026	72.68880
0.13170	1.38583	1.21021	9.92527	95.66407	52.01823	74.77213
0.14333	1.38983	1.18572	9.85410	95.41667	51.04167	78.51562
0.13237	1.38477	1.18850	9.87222	95.63802	51.49739	78.77604
0.13708	1.37062	1.18890	9.75609	95.39714	53.02734	77.47396
0.13892	1.40313	1.18691	9.80323	95.42318	49.90234	78.41797
0.13197	1.39117	1.17820	9.78479	95.70964	51.13932	79.94791
0.13755	1.39791	1.19387	9.92035	95.50782	50.35807	77.34375
0.13544	1.38754	1.18011	9.82958	95.48829	50.65104	78.38541
0.13994	1.40287	1.20032	9.83696	95.34505	49.86979	75.78125
0.13017	1.38730	1.18995	9.77483	95.80079	51.69271	78.38541
0.13387	1.38688	1.20142	9.76958	95.50130	51.33464	76.23698
0.14005	1.38505	1.18821	9.78547	95.25391	51.66016	77.89713
0.13276	1.39505	1.18909	9.72424	95.68360	49.86979	77.86459
0.13439	1.37723	1.17321	9.72265	95.69662	53.25521	79.06901
0.13722	1.38891	1.17532	9.75166	95.40365	51.52995	79.62240
0.13383	1.37134	1.17963	9.71642	95.60548	53.02734	79.72005
0.13155	1.37715	1.17549	9.67067	95.64454	52.11589	79.19922
0.12743	1.38979	1.17735	9.74216	95.67709	50.68359	78.87370
0.12808	1.37434	1.18439	9.64956	95.80730	52.89714	77.01823
0.13872	1.38650	1.22505	10.08613	95.27345	51.43229	70.93099
0.14193	1.39459	1.17539	9.69011	95.29948	50.29297	77.08334
0.16499	1.39815	1.24174	10.45326	94.49870	50.06511	67.70834
0.14983	1.37353	1.22874	10.35095	95.01302	52.92969	71.19141
0.15344	1.39564	1.21522	9.87523	94.79167	50.26042	72.36328
0.15271	1.38528	1.18977	9.75270	95.08464	51.72526	76.46484
0.13502	1.38072	1.19398	9.80835	95.79427	51.69271	77.08334
0.13750	1.39320	1.17209	9.71534	95.55990	51.04167	79.00391
0.13794	1.37166	1.18539	9.65386	95.35157	52.57161	78.61328
0.14989	1.38906	1.17839	9.70878	94.94792	50.71614	78.64584
0.14046	1.38231	1.17538	9.68290	95.34505	51.62761	79.94791
0.13754	1.38185	1.18598	9.54144	95.36459	52.01823	77.70182
0.12973	1.37825	1.15920	9.50187	95.75521	52.24609	81.34766
0.12632	1.38948	1.17071	9.51713	95.83334	51.17188	77.89713
0.13517	1.38062	1.16654	9.65204	95.29298	52.08333	79.55729
0.13572	1.38566	1.15037	9.54533	95.47527	51.39974	80.89193
0.13428	1.36972	1.16761	9.60527	95.54688	53.51562	78.45052
0.12768	1.37917	1.16906	9.60523	95.75521	52.11589	78.09245
0.13950	1.36825	1.15942	9.53209	95.27345	53.48307	80.24088
0.14143	1.38036	1.18566	9.64141	95.18880	52.01823	76.98568
0.13026	1.37757	1.16085	9.54435	95.74220	52.44141	78.84115
0.12958	1.37923	1.15342	9.52684	95.73568	51.75781	80.37109
0.12190	1.36901	1.15285	9.52580	96.00261	53.32031	81.25000
0.12246	1.37754	1.16559	9.57862	96.02865	52.70182	78.54818
0.12627	1.36977	1.16993	9.44178	95.80079	52.96224	77.14844
0.12606	1.37515	1.15721	9.57244	95.79427	52.24609	80.72916
0.12911	1.37846	1.14942	9.45089	95.63152	51.98568	81.31510
0.13302	1.37358	1.14689	9.42118	95.47527	52.60417	81.08724
0.12834	1.38090	1.15000	9.50790	95.73568	51.95312	80.11068
0.13222	1.37008	1.15223	9.46132	95.70964	52.70182	79.94791
0.12966	1.36499	1.14289	9.38824	95.70313	53.32031	81.90104
0.13198	1.37012	1.13959	9.42347	95.56641	52.76693	82.74740
0.12045	1.36823	1.14496	9.34596	95.99610	53.02734	81.44531
0.12742	1.36732	1.14406	9.43482	95.77474	53.54818	81.93359
0.11753	1.36262	1.13744	9.36107	96.25001	54.39453	82.16146
0.12543	1.36817	1.15070	9.49519	95.83334	53.28776	81.21745
0.12250	1.36363	1.14357	9.31407	95.95052	53.84114	80.59896
0.13471	1.37230	1.18032	9.50608	95.41016	53.02734	75.81380
0.12516	1.36541	1.15303	9.39310	95.86589	53.41797	79.85026
0.12999	1.35605	1.15316	9.51469	95.64454	54.42708	79.42709
0.12492	1.36338	1.14784	9.33887	95.98308	53.67839	80.92448
0.12660	1.37141	1.14906	9.27418	95.74220	52.37630	80.79427
0.12609	1.37204	1.13463	9.29862	95.86589	52.44141	82.06380
0.13119	1.36497	1.15075	9.34122	95.73568	54.19922	80.46875
0.12542	1.36544	1.14042	9.44945	95.87240	53.67839	81.96615
0.11186	1.36064	1.13731	9.41483	96.47787	53.87370	82.87760
0.11019	1.35846	1.14796	9.45736	96.43880	54.42708	79.62240
0.12291	1.36318	1.13663	9.39428	95.87240	54.10156	81.99870
0.13364	1.37019	1.13907	9.42900	95.51433	53.51562	80.69662
0.11881	1.35779	1.13441	9.22048	96.10027	54.62239	82.06380
0.11451	1.35905	1.12411	9.25656	96.31511	53.97136	83.23568
0.12424	1.35124	1.13209	9.33763	96.07423	55.20833	82.64974
0.11674	1.34006	1.12208	9.25821	96.22396	56.51042	83.82162
0.12154	1.36372	1.15091	9.27447	96.01563	53.64583	78.80859
0.11528	1.35949	1.12713	9.23820	96.14584	53.64583	82.61719
0.11946	1.36402	1.15695	9.47722	96.26302	54.00391	77.40885
0.11938	1.36562	1.12293	9.20949	96.17839	53.09245	82.61719
0.12833	1.37577	1.14839	9.40500	95.67709	52.60417	79.19922
0.12487	1.36683	1.13657	9.26790	96.04167	52.86458	81.18490
0.11802	1.36927	1.13015	9.20994	96.06120	52.76693	83.07291
0.11401	1.35577	1.13786	9.25012	96.22396	54.45964	80.63151
0.12423	1.35375	1.13482	9.29649	96.09376	54.91536	81.41276
0.11620	1.34901	1.12741	9.29364	96.18490	55.53386	81.96615
0.11809	1.35702	1.12340	9.08850	96.21095	54.23177	82.16146
0.12371	1.35634	1.15189	9.43727	96.00261	54.62239	78.74349
0.11573	1.36089	1.13664	9.26741	96.27605	53.87370	81.11979
0.12516	1.34738	1.12944	9.29021	95.85938	55.69661	81.54297
0.12319	1.34874	1.12038	9.13503	95.93751	55.50130	82.81250
0.11853	1.35159	1.12080	9.13036	96.09376	55.20833	82.84505
0.11558	1.35492	1.13602	9.19102	96.22396	54.98047	80.92448
0.12687	1.34509	1.11587	9.19543	95.80079	56.15234	83.85416
0.11726	1.35057	1.10866	9.14332	96.27605	55.17578	84.96094
0.11222	1.34052	1.11244	9.10431	96.50391	55.92448	85.09115
0.11833	1.35140	1.13080	9.09176	96.09376	55.46875	82.06380
0.11577	1.33765	1.10241	9.08078	96.26302	56.86849	85.77474
0.12066	1.35125	1.12934	9.31795	96.01563	55.50130	81.44531
0.11702	1.33688	1.11989	9.28962	96.22396	56.60807	82.77995
0.11777	1.35400	1.13930	9.25931	96.10677	54.52474	79.49219
0.11266	1.35333	1.12479	9.37094	96.45183	54.00391	81.67318
0.11627	1.34472	1.13995	9.13384	96.17839	55.89193	80.11068
0.12061	1.35134	1.12956	9.13653	96.01563	55.59896	81.64062
0.11814	1.35831	1.13248	9.19579	96.28255	54.16667	81.18490
0.11502	1.35156	1.11207	9.07465	96.18490	55.04557	84.14713
0.11376	1.33755	1.11547	9.08935	96.40626	56.90104	83.59375
0.10797	1.34821	1.10889	8.99250	96.48438	56.02214	84.44010
0.11622	1.33415	1.12346	9.05376	96.36720	57.29167	82.87760
0.11155	1.35245	1.13125	9.09404	96.38021	55.53386	81.99870
0.11465	1.34095	1.10481	9.14623	96.49089	56.21745	84.83073
0.11684	1.34287	1.13132	9.29164	96.17839	56.38021	80.40365
0.11205	1.34937	1.13613	9.25533	96.27605	55.14323	80.37109
0.11767	1.35154	1.12142	9.06118	96.24349	55.46875	82.16146
0.11057	1.34653	1.10860	9.15223	96.28907	55.92448	84.79818
0.10830	1.35169	1.12716	9.12990	96.54298	55.14323	82.22656
0.11852	1.34342	1.11106	9.16373	96.17839	56.18489	84.11459
0.12335	1.34215	1.12936	9.12310	96.11980	57.19401	81.51041
0.11406	1.33505	1.11314	9.01998	96.38673	57.06380	84.17969
0.12151	1.33638	1.11125	9.03734	96.09376	57.09636	83.78906
0.10934	1.34633	1.10409	9.12108	96.38673	55.79427	84.21224
0.11717	1.33916	1.11360	9.12682	96.00912	56.70573	82.48698
0.12074	1.33634	1.11393	9.05546	95.93751	57.64974	83.36588
0.11537	1.35005	1.12131	9.02120	96.32162	54.65495	83.36588
0.11504	1.35268	1.11851	9.00938	96.18490	54.78516	82.74740
0.12004	1.33721	1.10487	9.07887	95.99610	56.54297	84.47266
0.10994	1.32526	1.09745	8.97797	96.38673	58.10547	85.22135
0.11007	1.34003	1.13062	9.15475	96.55599	56.60807	80.85938
0.11254	1.33268	1.10190	9.04650	96.18490	56.99870	84.83073
0.11306	1.33225	1.10223	9.06585	96.27605	57.22656	85.57943
0.10852	1.34754	1.10937	8.95653	96.64063	56.38021	84.83073
0.11663	1.32890	1.12199	9.03120	96.21095	57.61719	81.86849
0.11100	1.34469	1.10589	9.01151	96.34766	55.92448	84.53776
0.11141	1.32517	1.10917	8.90375	96.35417	57.71484	83.39844
0.10460	1.32013	1.09453	8.88014	96.54298	58.52864	85.02604
0.11377	1.33778	1.10135	8.82045	96.25652	56.05469	85.48177
0.10631	1.33258	1.09064	8.95509	96.57552	57.03125	86.62109
0.10973	1.33945	1.10726	8.96836	96.41277	56.28255	84.08203
0.11320	1.33554	1.10394	8.91083	96.35417	57.35677	84.08203
0.11838	1.32729	1.09487	8.84054	96.18490	58.04036	85.22135
0.11546	1.34582	1.09668	8.93001	96.17188	56.08724	85.93750
0.10543	1.33135	1.10672	8.97622	96.56902	57.77995	84.50521
0.11085	1.33769	1.09557	8.94799	96.36068	56.67318	85.31901
0.10066	1.32123	1.08882	8.90722	96.75130	59.01693	86.62109
0.11767	1.33782	1.09347	8.96156	96.19141	56.64062	84.92838
0.10782	1.32931	1.08758	8.79157	96.45834	58.20312	86.16537
0.10911	1.32735	1.09332	8.87556	96.42579	57.94271	85.57943
0.10968	1.32885	1.09482	8.99149	96.48438	57.77995	85.77474
0.10982	1.32875	1.09459	8.84852	96.51693	57.48698	85.67709
0.11347	1.31850	1.08982	8.83209	96.21745	59.08203	86.39323
0.11127	1.33855	1.10851	9.04068	96.36068	56.86849	83.56120
0.11755	1.34068	1.12404	9.10452	96.19792	57.06380	80.82682
0.12241	1.34351	1.12255	9.20569	95.88542	56.31511	81.57552
0.11701	1.34996	1.11300	8.97616	96.16537	56.08724	82.68229
0.11283	1.33340	1.09633	8.82181	96.19141	57.25911	85.25391
0.12201	1.34505	1.14417	9.34930	95.91798	56.38021	77.40885
0.11986	1.32739	1.13198	9.20861	96.10677	57.84505	80.98959
0.11437	1.33189	1.13410	9.15028	96.34115	57.22656	79.32943
0.11925	1.33948	1.12914	9.02910	96.06120	55.59896	79.29688
0.11021	1.34469	1.12904	9.08469	96.35417	55.40364	80.92448
0.11556	1.32340	1.11384	9.16010	96.19792	58.10547	82.32422
0.11135	1.33292	1.12248	9.20453	96.44532	56.99870	81.05469
0.10885	1.33583	1.12855	9.07063	96.41277	56.38021	80.04557
0.11026	1.33879	1.10868	8.97764	96.51693	56.70573	83.98438
0.11257	1.32281	1.12533	8.91928	96.28255	58.36589	80.17578
0.10912	1.32355	1.09858	8.87335	96.43230	58.56120	84.24479
0.10314	1.31843	1.10013	8.88838	96.53646	59.14714	84.99349
0.11286	1.32376	1.08582	8.74391	96.35417	58.10547	86.62109
0.10933	1.32448	1.07685	8.78871	96.40626	58.23568	87.50000
0.10817	1.31619	1.09736	8.81293	96.43230	58.91927	84.79818
0.11144	1.31158	1.08353	8.81779	96.32162	59.57031	87.36979
0.10741	1.32516	1.08607	8.91022	96.54948	57.77995	85.77474
0.10518	1.34339	1.10441	8.88438	96.60808	55.85938	83.33334
0.11697	1.31815	1.09222	8.81340	96.18490	59.60286	85.80729
0.10263	1.32298	1.09479	8.83267	96.69271	59.08203	84.79818
0.10595	1.31298	1.08301	8.73488	96.58855	59.63542	86.23047
0.11142	1.32141	1.09239	8.86837	96.45834	58.62630	84.96094
0.10661	1.32838	1.09383	8.80630	96.56251	58.26823	84.57031
0.10706	1.32243	1.09517	8.83766	96.58855	57.68229	84.57031
0.09960	1.31655	1.08861	8.86967	96.89454	59.53776	85.51432
0.11084	1.32551	1.08762	8.82883	96.40626	58.39844	85.35156
0.10889	1.33191	1.09649	8.85487	96.41927	57.61719	83.75651
0.11217	1.32708	1.09569	8.95123	96.36720	58.07292	84.70052
0.11825	1.33254	1.08893	8.88164	96.17839	57.35677	85.09115
0.09841	1.30880	1.08306	8.81768	96.79688	60.25391	86.06771
0.10554	1.32269	1.09100	8.78700	96.65365	58.20312	85.22135
0.10540	1.31721	1.07924	8.70631	96.58855	58.82161	86.42578
0.10676	1.31598	1.07947	8.81138	96.39974	59.34245	86.16537
0.10593	1.32204	1.09345	8.87390	96.52345	58.52864	85.22135
0.11128	1.31853	1.09011	8.73800	96.23698	58.91927	85.48177
0.11260	1.30935	1.09914	8.91566	96.35417	59.34245	83.72396
0.10952	1.31383	1.07700	8.68957	96.50391	59.01693	86.32812
0.10954	1.32109	1.08075	8.71509	96.41927	58.33333	85.90495
0.11226	1.32561	1.09953	8.89606	96.50391	58.04036	83.88672
0.09950	1.31797	1.08228	8.73501	96.88802	59.11458	86.97916
0.10883	1.32293	1.10275	8.74204	96.55599	58.30078	83.59375
0.10621	1.32982	1.08243	8.73104	96.42579	57.64974	86.62109
0.10643	1.33261	1.08327	8.81948	96.64714	57.61719	86.00260
0.10410	1.32725	1.09491	8.76267	96.58204	57.64974	83.88672
0.10108	1.31174	1.08376	8.67690	96.76433	59.47266	86.32812
0.10703	1.33058	1.10125	8.83386	96.62110	57.48698	82.77995
0.10855	1.31313	1.09507	8.87549	96.40626	59.08203	84.40755
0.10963	1.31567	1.08502	8.86424	96.48438	59.08203	85.80729
0.11049	1.32385	1.11722	8.89118	96.30860	59.04948	80.82682
0.10690	1.32165	1.08398	8.76084	96.52345	58.69141	85.67709
0.11216	1.30728	1.10537	8.92392	96.41927	60.18880	83.95182
0.11381	1.32049	1.11003	9.09795	96.26954	58.56120	81.80338
0.10605	1.30477	1.10038	8.87522	96.50391	60.67708	83.72396
0.10974	1.31480	1.09043	8.74132	96.40626	59.17969	84.99349
0.11288	1.32377	1.09665	8.70154	96.36720	58.26823	83.56120
0.10267	1.32696	1.09315	8.81538	96.75782	57.51953	84.34245
0.10308	1.31751	1.08045	8.73059	96.76433	58.62630	86.23047
0.09843	1.31421	1.08254	8.69156	96.94662	59.40755	85.18880
0.10168	1.31769	1.07524	8.58235	96.69271	58.85417	87.76041
0.10095	1.31912	1.08760	8.70674	96.75130	58.30078	85.38412
0.10604	1.31812	1.07602	8.72917	96.58855	59.24479	86.68620
0.10639	1.31547	1.08893	8.66090	96.67318	59.50521	84.70052
0.10072	1.31267	1.08489	8.74190	96.73829	59.50521	85.93750
0.10015	1.31243	1.07733	8.72884	96.62761	58.91927	86.36068
0.10462	1.30736	1.07921	8.59689	96.54298	60.18880	87.20703
0.10414	1.31532	1.07678	8.72897	96.76433	58.82161	87.17448
0.10489	1.30933	1.06760	8.72650	96.54948	59.73307	87.43490
0.09707	1.29776	1.07858	8.73487	96.77084	61.71875	86.39323
0.10847	1.30917	1.08443	8.76715	96.51693	60.35156	85.35156
0.10858	1.31390	1.10528	8.80161	96.62110	59.60286	82.55209
0.11280	1.31270	1.09197	8.72685	96.28255	59.27734	84.34245
0.10320	1.32020	1.09045	8.77392	96.58204	58.78906	84.89584
0.10204	1.31740	1.06814	8.51366	96.74480	59.27734	87.50000
0.10036	1.31352	1.07485	8.58069	96.73177	59.37500	86.91406
0.10630	1.29699	1.07895	8.62544	96.51042	61.81641	86.55599
0.09851	1.31076	1.07629	8.56291	96.84896	59.79818	86.62109
0.11394	1.32222	1.07771	8.78383	96.27605	58.33333	86.39323
0.10482	1.30007	1.07152	8.67015	96.67970	60.61198	87.17448
0.10370	1.30928	1.05698	8.69384	96.74480	60.25391	88.76953
0.09902	1.31792	1.08350	8.55184	96.90755	58.72396	86.06771
0.09736	1.31528	1.06185	8.66565	96.82292	59.08203	87.82552
0.10724	1.29613	1.07581	8.58277	96.49740	61.29557	87.66276
0.10584	1.30164	1.07781	8.67944	96.57552	60.83984	87.56510
0.10760	1.29986	1.07585	8.66702	96.60157	60.93750	86.16537
0.09782	1.30490	1.09038	8.74315	96.91407	60.77474	84.86328
0.11445	1.29797	1.07542	8.71883	96.42579	61.03516	86.91406
0.10698	1.30188	1.07538	8.60442	96.36720	60.80729	87.40234
0.10003	1.29464	1.07354	8.52787	96.82943	61.91406	87.30469
0.10226	1.29583	1.05697	8.59900	96.60808	61.55599	89.29037
0.10165	1.31817	1.07228	8.52458	96.72527	58.75651	87.46745
0.09843	1.30867	1.07140	8.57864	96.72527	59.89583	86.55599
0.10249	1.30951	1.07252	8.59117	96.69271	59.70052	86.88151
0.10043	1.29711	1.06313	8.70499	96.66016	62.01172	88.05338
0.09786	1.29249	1.06406	8.61765	96.83595	61.75130	88.05338
0.10179	1.29449	1.06065	8.52620	96.66667	61.62109	89.19271
0.10472	1.31271	1.06242	8.65082	96.56902	59.40755	87.66276
0.10273	1.30169	1.06489	8.54757	96.67318	60.64453	88.76953
0.10209	1.29785	1.07208	8.56068	96.80990	61.03516	86.88151
0.09695	1.30501	1.07325	8.41608	96.83595	60.38411	86.55599
0.10054	1.30003	1.06143	8.48736	96.73177	60.70964	88.37891
0.10124	1.30348	1.07285	8.57055	96.75782	61.36068	86.45834
0.09859	1.31422	1.06730	8.65599	96.77735	59.66797	87.66276
0.09547	1.30848	1.07351	8.57517	96.99220	60.90495	86.81641
0.09334	1.30351	1.06283	8.59905	96.90755	60.35156	88.02084
0.10554	1.30147	1.06569	8.55139	96.49740	60.61198	87.23959
0.09842	1.30248	1.06820	8.53545	96.79688	60.41667	87.79297
0.10692	1.29500	1.06303	8.45673	96.72527	61.23047	88.86719
0.10335	1.31149	1.06539	8.61224	96.69271	59.14714	87.98828
0.09862	1.31473	1.06225	8.58256	96.82292	59.34245	88.67188
0.09809	1.30193	1.07715	8.56912	96.82943	61.16536	86.29557
0.09979	1.29740	1.07660	8.67084	96.82943	61.71875	86.26302
0.09951	1.29603	1.06892	8.63133	96.86849	61.29557	87.04427
0.10247	1.29501	1.06816	8.44092	96.54948	61.16536	87.72787
0.09962	1.29125	1.08393	8.59621	96.73829	61.71875	85.22135
0.10170	1.29019	1.07403	8.69626	96.79688	62.23958	85.90495
0.09583	1.30322	1.08043	8.64087	96.79037	60.80729	85.70963
0.09775	1.30096	1.07094	8.65356	96.95313	60.77474	86.68620
0.09817	1.29625	1.06881	8.56842	96.77084	61.10026	87.07682
0.09452	1.29353	1.05625	8.48485	97.03126	61.71875	89.02995
0.09053	1.30028	1.05609	8.48546	97.13542	61.03516	89.55078
0.09305	1.29696	1.05203	8.38375	96.89454	60.48177	88.67188
0.09776	1.29823	1.06456	8.47476	96.71876	61.52344	87.92318
0.10140	1.30930	1.06858	8.40012	96.69923	59.92839	88.47656
0.09477	1.28337	1.06321	8.54972	96.81641	62.98828	87.63021
0.09539	1.29919	1.06480	8.50597	97.06380	60.67708	87.85807
0.10349	1.30212	1.07097	8.46193	96.60157	60.41667	86.26302
0.10049	1.30056	1.06676	8.60587	96.79037	61.23047	87.63021
0.09312	1.29601	1.06813	8.61757	97.13542	61.19792	87.76041
0.10267	1.29058	1.05596	8.57749	96.66667	62.30469	88.96484
0.09764	1.29846	1.06261	8.56983	96.82943	60.74219	88.24870
0.09853	1.29372	1.07367	8.51191	96.75782	61.52344	87.36979
0.09826	1.28794	1.05944	8.43715	96.75130	62.07682	88.99740
0.09120	1.29232	1.05984	8.38169	97.16146	61.71875	88.21615
0.09833	1.26933	1.05975	8.44702	96.59505	64.71354	88.34635
0.09858	1.29881	1.05956	8.44637	96.75782	60.77474	88.34635
0.09051	1.29187	1.06274	8.39672	97.18099	62.07682	87.82552
0.09480	1.27589	1.06049	8.49642	97.06380	63.96484	88.02084
0.10072	1.29138	1.06103	8.51856	96.88152	61.58854	88.41146
0.09475	1.29510	1.05678	8.38052	96.99870	61.39323	88.67188
0.10085	1.29665	1.06383	8.47756	96.70573	61.00261	87.76041
0.09636	1.28018	1.04782	8.39667	96.97917	63.02083	89.51823
0.09775	1.28048	1.05635	8.43717	96.80990	62.27214	88.67188
0.09391	1.29017	1.06961	8.49077	96.84896	62.20703	86.78385
0.09890	1.28502	1.05140	8.41875	96.83595	62.56511	89.55078
0.09026	1.30843	1.05862	8.44395	97.13542	60.51432	88.18359
0.09708	1.30348	1.05737	8.44814	96.81641	60.22136	88.37891
0.09909	1.30133	1.08667	8.66989	96.76433	60.51432	84.08203
0.09253	1.29385	1.09288	8.73409	96.88802	61.91406	83.07291
0.10105	1.28975	1.08047	8.56701	96.84896	61.94661	85.38412
0.09523	1.30006	1.06706	8.53203	96.81641	60.44922	86.78385
0.10302	1.28904	1.06434	8.57117	96.76433	61.97917	87.66276
0.09335	1.29452	1.06950	8.43843	96.89454	61.55599	86.97916
0.10678	1.29285	1.07015	8.44443	96.52995	61.88151	86.52344
0.09279	1.29516	1.05655	8.45460	96.95964	61.39323	88.89974
0.09731	1.29567	1.06428	8.46554	96.88152	61.49089	87.23959
0.09449	1.29521	1.06028	8.52334	96.81641	61.45833	87.76041
0.10125	1.28785	1.04503	8.49710	96.81641	61.97917	90.03906
0.09093	1.29425	1.05707	8.48499	97.18751	61.91406	88.08594
0.10576	1.28528	1.06291	8.50750	96.50391	62.76042	87.82552
0.09059	1.28967	1.04952	8.49180	97.10287	62.20703	89.32291
0.10520	1.29193	1.06208	8.50478	96.64714	61.75130	87.76041
0.09557	1.29775	1.06243	8.48976	96.84245	61.10026	87.89062
0.10200	1.28602	1.07068	8.36713	96.73177	62.27214	86.94662
0.09473	1.28920	1.07063	8.50936	96.96615	61.78386	85.87240
0.09153	1.29506	1.05618	8.51866	96.97917	61.23047	88.86719
0.09962	1.29867	1.05791	8.46466	96.70573	60.74219	88.70443
0.10214	1.28251	1.07005	8.55803	96.79688	63.70443	86.62109
0.09419	1.28517	1.05808	8.51973	96.86849	62.72786	88.41146
0.09666	1.28903	1.06847	8.55295	96.88802	61.68620	87.23959
0.09948	1.29282	1.06345	8.44814	96.95313	62.01172	87.79297
0.09332	1.30303	1.06494	8.47422	96.96615	60.83984	87.82552
0.09881	1.28988	1.06114	8.49506	96.76433	61.68620	87.53255
0.09719	1.27682	1.05214	8.37813	96.95964	63.28125	89.25781
0.09383	1.29230	1.06417	8.36474	97.09636	61.26302	87.46745
0.10209	1.29368	1.05322	8.45835	96.58204	61.13281	88.57422
0.09325	1.30436	1.05285	8.30189	97.07683	59.99349	89.32291
0.09557	1.29255	1.05736	8.32380	97.01823	61.23047	88.89974
0.09198	1.29154	1.05389	8.47751	97.07032	61.88151	88.70443
0.09453	1.28016	1.06313	8.46585	96.89454	62.56511	88.41146
0.09712	1.29215	1.06348	8.42002	96.90105	61.13281	87.53255
0.09695	1.29550	1.06242	8.48230	97.00521	61.00261	87.07682
0.09077	1.28147	1.05939	8.32338	97.07032	62.85807	88.08594
0.09700	1.29161	1.05582	8.38068	96.99870	62.50000	88.70443
0.09045	1.29423	1.06184	8.40566	97.25912	61.36068	88.08594
0.08893	1.27745	1.04924	8.29926	97.09636	62.59766	89.51823
0.09511	1.29095	1.05452	8.31912	96.86849	61.78386	88.93229
0.09182	1.29810	1.05670	8.23103	97.12891	61.42578	88.54166
0.09197	1.28652	1.04756	8.34121	97.06380	62.17448	89.87630
0.09369	1.28820	1.05787	8.38093	96.96615	62.23958	89.25781
0.09131	1.28065	1.05603	8.39688	97.10287	62.66276	88.57422
0.08887	1.27782	1.04858	8.37586	97.18099	62.82552	89.45312
0.09378	1.27430	1.04898	8.37133	97.04427	63.99739	89.22526
0.09424	1.29466	1.05896	8.36160	97.02474	61.49089	86.78385
0.09655	1.28132	1.05030	8.53549	96.86849	62.66276	89.58334
0.09335	1.28529	1.06395	8.30901	97.27214	62.82552	87.59766
0.09274	1.29718	1.05400	8.28507	97.15495	60.93750	88.67188
0.09959	1.27810	1.06659	8.34079	96.71224	63.11849	86.84896
0.09198	1.29179	1.05438	8.36986	97.08985	61.42578	88.99740
0.09885	1.28834	1.06430	8.32540	96.88152	62.33724	87.76041
0.09218	1.29999	1.04889	8.37588	97.02474	60.54688	89.58334
0.08760	1.28202	1.05683	8.50252	97.22005	63.50911	88.99740
0.09110	1.28560	1.04620	8.26261	97.07032	62.63021	90.07162
0.09240	1.29666	1.04978	8.21712	96.98568	60.87239	89.42057
0.09035	1.28721	1.03901	8.28662	97.10938	62.07682	90.95052
0.08925	1.28849	1.06435	8.38568	97.08985	62.72786	87.85807
0.09121	1.28674	1.05200	8.36679	97.05730	62.50000	89.25781
0.09079	1.29229	1.05107	8.23553	97.01823	61.58854	89.22526
0.09029	1.29638	1.05953	8.39080	97.07683	61.29557	88.31380
0.09007	1.29610	1.05161	8.24594	97.08985	60.97005	89.29037
0.08863	1.28917	1.04685	8.26001	97.35027	62.04427	89.45312
0.08828	1.29429	1.05458	8.32063	97.22005	61.91406	88.73698
0.08901	1.28568	1.04942	8.32521	97.09636	62.27214	90.33203
0.08889	1.27905	1.05551	8.40809	97.16146	63.37891	89.06250
0.09045	1.28523	1.04780	8.35996	97.24610	61.81641	89.74609
0.09144	1.29817	1.05490	8.34534	97.16798	60.54688	89.09505
0.08960	1.28707	1.04836	8.32469	97.24610	61.88151	89.64844
0.08771	1.26932	1.04392	8.29933	97.34376	64.38802	89.81120
0.09503	1.29044	1.04326	8.36898	96.93360	61.68620	90.03906
0.08949	1.27742	1.04437	8.41319	97.21355	62.92318	89.90885
0.09984	1.28535	1.05476	8.33322	96.77084	61.81641	88.93229
0.09676	1.27197	1.04421	8.35381	96.86198	64.22526	89.84375
0.09242	1.28241	1.04253	8.34358	96.98568	62.66276	89.87630
0.09314	1.28811	1.04901	8.35766	96.95313	62.10938	89.61588
0.08945	1.28819	1.04856	8.35202	97.07683	62.14193	89.12760
0.08619	1.27849	1.05532	8.33252	97.36329	63.02083	88.21615
0.09286	1.27720	1.04981	8.33691	96.87501	63.28125	89.35547
0.08835	1.27203	1.04981	8.22758	97.23308	64.25781	89.29037
0.09522	1.28287	1.03898	8.28845	96.95313	62.63021	90.46224
0.09165	1.27018	1.04649	8.29404	97.12891	63.99739	89.71354
0.09689	1.28684	1.04560	8.21041	96.67970	62.40234	90.03906
0.08921	1.28689	1.04236	8.27945	97.24610	62.23958	91.01562
0.09446	1.28317	1.04785	8.35974	97.01823	62.43489	89.77865
0.08450	1.29291	1.05351	8.29975	97.44792	61.39323	89.29037
0.08692	1.28768	1.04127	8.31205	97.21355	62.27214	89.81120
0.09646	1.27943	1.05331	8.28194	96.92058	63.28125	89.58334
0.08718	1.28208	1.05491	8.24055	97.31771	62.59766	88.70443
0.09510	1.27199	1.04951	8.33446	96.98568	63.93229	88.99740
0.09766	1.26707	1.06197	8.36135	96.88802	64.45312	87.89062
0.08511	1.27794	1.05491	8.19384	97.38933	63.44401	88.73698
0.09965	1.27643	1.04783	8.39052	96.92709	63.57422	89.55078
0.08822	1.29833	1.04694	8.40254	97.20704	60.74219	89.51823
0.09083	1.26519	1.04608	8.10161	97.16146	64.29037	89.09505
0.09259	1.27595	1.04181	8.27741	96.93360	63.05339	90.16927
0.09268	1.29250	1.04980	8.38560	96.97266	61.36068	89.77865
0.08525	1.28146	1.04362	8.28424	97.25912	62.59766	90.26693
0.09095	1.27201	1.04403	8.20313	97.12240	64.09505	89.74609
0.08825	1.26515	1.05462	8.27700	97.23308	64.16016	88.67188
0.08725	1.28018	1.03800	8.31701	97.31771	62.79297	90.65755
0.09210	1.27031	1.03604	8.31346	97.08985	63.60677	90.52734
0.08565	1.27804	1.04388	8.16871	97.30470	63.21614	90.85287
0.08749	1.27418	1.03628	8.17654	97.20704	63.99739	90.91797
0.08933	1.27144	1.03822	8.22749	97.06380	64.25781	91.01562
0.08882	1.28884	1.04342	8.09016	97.07683	61.97917	90.20182
0.09455	1.28442	1.04257	8.27509	97.05079	62.63021	89.61588
0.08841	1.27046	1.04992	8.24221	97.15495	63.96484	89.09505
0.08846	1.27230	1.04284	8.27043	97.17448	63.37891	89.94141
0.09201	1.28625	1.04474	8.24123	96.99220	62.07682	90.39713
0.09769	1.27009	1.04827	8.26459	96.79688	64.12760	89.77865
0.09294	1.26555	1.03822	8.30850	97.15495	64.71354	90.42969
0.09011	1.26651	1.03622	8.21097	97.12240	64.06250	90.69010
0.09559	1.27131	1.03797	8.30479	96.94662	64.25781	90.55990
0.09022	1.28110	1.05390	8.24510	97.20052	62.66276	89.09505
0.08871	1.28759	1.04998	8.41530	97.17448	61.58854	89.19271
0.08482	1.27517	1.04078	8.27208	97.20052	63.44401	90.20182
0.09038	1.27107	1.03885	8.30647	97.08985	64.38802	90.59245
0.08609	1.27290	1.04109	8.26160	97.25261	64.16016	90.00651
0.08213	1.29255	1.04482	8.18255	97.44792	61.68620	89.64844
0.09196	1.26728	1.04603	8.34688	97.01823	64.45312	89.68099
0.08766	1.28721	1.04353	8.33181	97.13542	62.01172	90.20182
0.09669	1.28734	1.05226	8.30995	96.94662	61.97917	89.22526
0.08187	1.27200	1.04598	8.27639	97.50001	63.80208	89.51823
0.09069	1.27523	1.04578	8.29754	97.07683	63.50911	89.55078
0.09104	1.25515	1.04361	8.22139	97.01823	66.04818	90.16927
0.09079	1.26823	1.04029	8.24938	97.09636	64.55078	90.46224
0.09367	1.29053	1.04595	8.13674	97.11589	61.32812	89.61588
0.09304	1.28331	1.04533	8.25761	97.13542	62.43489	90.00651
0.09411	1.27773	1.04900	8.29424	96.92058	62.85807	88.96484
0.08805	1.26333	1.04581	8.19741	97.20704	64.68099	89.71354
0.09321	1.27729	1.03349	8.24845	96.99220	63.02083	91.01562
0.09337	1.28232	1.04747	8.33938	96.99870	62.30469	89.94141
0.09106	1.28451	1.04403	8.33454	97.12240	62.85807	89.87630
0.09188	1.27584	1.04330	8.26525	97.03126	63.21614	90.23438
0.08247	1.27787	1.03488	8.34740	97.43490	63.02083	91.40625
0.08889	1.29983	1.03611	8.26292	97.15495	60.54688	90.78776
0.08804	1.26989	1.05364	8.26724	97.21355	64.55078	88.86719
0.09597	1.26782	1.03848	8.14804	96.96615	64.25781	90.55990
0.08718	1.27698	1.03601	8.18098	97.24610	63.28125	91.79688
0.09162	1.29174	1.03720	8.23132	97.06380	61.71875	91.04818
0.09037	1.27868	1.04562	8.18918	97.12240	63.21614	89.68099
0.09234	1.27409	1.04943	8.20338	97.00521	64.09505	88.60677
0.09196	1.27280	1.04902	8.33433	97.10287	63.67188	89.02995
0.08905	1.27301	1.04330	8.19610	97.23308	63.99739	89.71354
0.08559	1.27763	1.05337	8.27004	97.44141	63.21614	88.99740
0.08680	1.27078	1.05041	8.32776	97.30470	63.70443	89.32291
0.08916	1.28059	1.04193	8.05893	97.03777	62.20703	90.59245
0.09357	1.27511	1.03840	8.28578	97.12240	63.60677	90.20182
0.08622	1.27687	1.05032	8.19634	97.31771	63.83464	89.51823
0.09342	1.28237	1.04304	8.19404	96.93360	62.36979	90.00651
0.08189	1.27945	1.04363	8.26650	97.52605	62.72786	89.29037
0.09108	1.27725	1.03209	8.18393	97.17448	63.63932	91.73177
0.08588	1.27143	1.04124	8.33539	97.25912	63.34636	90.39713
0.08715	1.26913	1.03460	8.27405	97.36329	63.73698	91.04818
0.08853	1.27814	1.05272	8.18038	97.31771	62.98828	89.16016
0.08660	1.28284	1.04153	8.14539	97.36329	62.92318	90.46224
0.09127	1.27383	1.03014	8.13109	97.19402	63.93229	91.34115
0.08903	1.27783	1.04448	8.21214	97.23959	63.37891	90.07162
0.07680	1.29027	1.04093	8.16558	97.74089	61.91406	90.00651
0.08761	1.28578	1.04910	8.20700	97.31120	62.50000	89.58334
0.09196	1.27614	1.04250	8.27857	97.07683	63.31380	90.07162
0.08648	1.28718	1.04956	8.11442	97.34376	61.62109	89.48568
0.08120	1.26972	1.04291	8.32678	97.53907	64.02995	89.58334
0.09078	1.26714	1.03693	8.14051	97.01173	64.51823	91.21094
0.08496	1.27258	1.03455	8.24282	97.40886	63.63932	90.72266
0.09100	1.28053	1.04958	8.15897	97.08334	63.37891	89.55078
0.08516	1.27781	1.05542	8.25448	97.44792	63.67188	88.31380
0.09165	1.26349	1.03982	8.27925	97.29818	64.84375	90.52734
0.08743	1.25607	1.04347	8.14097	97.31771	65.62500	89.90885
0.08615	1.28086	1.05053	8.26600	97.19402	62.56511	89.19271
0.08735	1.27425	1.03890	8.14434	97.23959	63.73698	90.59245
0.08804	1.27524	1.04119	8.21050	97.09636	63.93229	90.13672
0.08661	1.26208	1.03605	8.32709	97.22005	64.87630	90.49479
0.08593	1.27598	1.05016	8.15461	97.36980	63.11849	89.42057
0.08618	1.27216	1.03652	8.11259	97.22005	63.02083	90.55990
0.08941	1.26798	1.03915	8.21893	96.99870	64.02995	89.97396
0.08421	1.27153	1.04071	8.21126	97.27214	63.99739	90.36459
0.08609	1.26541	1.04511	8.09295	97.25261	64.29037	89.87630
0.09616	1.28138	1.03914	8.28919	96.92709	63.05339	90.46224
0.08986	1.27768	1.05045	8.19602	97.31771	63.24870	89.29037
0.08665	1.27234	1.04349	8.25168	97.24610	63.83464	90.33203
0.08300	1.28373	1.03871	8.18552	97.23959	62.17448	90.65755
0.08446	1.27937	1.04057	8.17250	97.35677	62.92318	90.16927
0.08277	1.27323	1.03533	8.26715	97.38282	63.99739	91.40625
0.09396	1.29305	1.04350	8.22105	96.79688	60.83984	89.84375
0.09247	1.27121	1.04177	8.33766	97.04427	64.19271	89.38802
0.09105	1.26913	1.03669	8.20287	97.13542	64.09505	90.62500
0.09439	1.27225	1.04172	8.37859	96.83595	64.16016	89.58334
0.08772	1.26867	1.04213	8.15619	97.16146	63.93229	90.16927
0.09116	1.27565	1.04597	8.30465	97.22657	63.34636	89.35547
0.07793	1.28318	1.04628	8.16591	97.48048	62.66276	89.45312
0.09126	1.26140	1.03893	8.14623	96.96615	65.49479	90.75521
0.08097	1.26830	1.03530	8.20303	97.48048	64.35547	90.23438
0.08843	1.27273	1.03914	8.26191	97.20704	63.60677	90.49479
0.09066	1.26751	1.04419	8.18009	97.04427	64.29037	89.84375
0.07864	1.25772	1.03270	8.08038	97.67579	65.23438	91.30859
0.08245	1.26724	1.04864	8.21412	97.45443	64.29037	88.96484
0.09502	1.28201	1.04053	8.11051	97.02474	62.92318	90.46224
0.08766	1.26354	1.04583	8.14675	97.24610	65.07162	89.81120
0.08344	1.26675	1.04086	8.23416	97.36329	64.58334	90.23438
0.08615	1.26712	1.03778	8.11910	97.31120	64.48568	90.36459
0.08034	1.28060	1.03237	8.18302	97.55209	63.15104	90.78776
0.09208	1.27408	1.03377	8.30040	97.14845	63.73698	91.27604
0.09064	1.27391	1.04992	8.21978	97.04427	63.80208	89.81120
0.09232	1.27568	1.03484	8.02838	97.12891	62.85807	90.82031
0.08182	1.27688	1.04466	8.28293	97.23308	62.89062	89.74609
0.08859	1.27876	1.04486	8.19262	97.21355	62.95573	89.48568
0.09601	1.27540	1.04507	8.31035	96.80339	63.54167	89.42057
0.07788	1.26567	1.03653	8.10159	97.62370	64.71354	91.01562
0.09088	1.26903	1.03824	8.17347	97.09636	63.86719	90.16927
0.09545	1.27441	1.05380	8.17628	96.92709	63.44401	88.86719
0.08581	1.27576	1.05043	8.14202	97.30470	63.18359	88.73698
0.08547	1.27173	1.03734	8.24632	97.34376	63.96484	90.52734
0.09724	1.28076	1.04156	8.28168	96.80339	63.11849	89.90885
0.09461	1.27037	1.04461	8.31235	96.94011	64.64844	89.81120
0.08343	1.27770	1.04203	8.21673	97.32423	63.28125	90.23438
0.08997	1.27233	1.03727	8.30294	97.14193	64.09505	90.65755
0.09593	1.27766	1.04680	8.31199	97.05730	63.15104	89.45312
0.08675	1.27331	1.03853	8.07256	97.38282	63.54167	90.75521
0.08354	1.28129	1.03610	8.16196	97.27214	62.72786	90.62500
0.08655	1.27611	1.03426	8.13187	97.39584	63.21614	90.42969
0.08949	1.28222	1.03936	8.23332	97.14845	62.53255	90.33203
0.09235	1.27468	1.04937	8.14904	96.99870	63.86719	89.51823
0.09101	1.27529	1.04616	8.20381	97.12240	63.89974	89.48568
0.08980	1.26256	1.03198	8.17600	97.20052	65.33203	91.47135
0.08042	1.28417	1.03546	8.15047	97.48698	62.20703	91.01562
0.09136	1.27924	1.04261	8.20138	97.14193	62.59766	89.87630
0.07910	1.28859	1.03986	8.14803	97.53907	62.30469	90.69010
0.08965	1.26868	1.05013	8.11493	97.20052	63.83464	88.80209
0.08338	1.26908	1.03224	8.24990	97.42839	64.09505	91.04818
0.09681	1.28030	1.04139	8.23009	96.99220	62.69531	90.59245
0.08825	1.27709	1.02994	8.17957	97.20704	63.57422	91.34115
0.08903	1.27070	1.03911	8.20043	96.98568	63.96484	90.20182
0.08752	1.26740	1.03890	8.36865	97.21355	64.06250	90.10416
0.08421	1.27389	1.03433	8.11797	97.31771	63.02083	90.91797
0.08764	1.26869	1.04313	8.21333	97.20052	64.19271	90.03906
0.08452	1.27317	1.04048	8.24262	97.47396	64.16016	89.87630
0.09011	1.26801	1.04691	8.24516	97.08985	63.96484	90.07162
0.09438	1.28416	1.04939	8.20746	96.92709	63.05339	89.16016
0.09288	1.25174	1.03584	8.18484	96.94011	66.27604	90.95052
0.08624	1.28168	1.04288	8.16485	97.38282	62.36979	90.07162
0.08406	1.28404	1.04177	8.16624	97.39584	62.76042	90.00651
0.09234	1.26816	1.03856	8.13135	96.99870	64.55078	90.62500
0.09771	1.27741	1.03587	8.28046	96.79688	62.72786	91.17838
0.09180	1.27312	1.03785	8.09628	97.08985	63.96484	90.39713
0.08832	1.28042	1.03930	8.13236	97.23308	62.23958	90.46224
0.08671	1.26402	1.04079	8.10072	97.16798	64.68099	90.69010
0.09164	1.27812	1.03640	8.13177	97.03777	62.56511	91.01562
0.08790	1.27089	1.03810	8.21809	97.16798	64.29037	90.95052
0.08635	1.28251	1.04935	8.23349	97.17448	62.04427	89.51823
0.08583	1.26869	1.04293	8.19579	97.27865	63.63932	90.62500
0.08788	1.27282	1.04273	8.16507	97.22657	63.21614	90.23438
0.08980	1.27126	1.03962	8.19501	97.12240	64.22526	90.52734
0.08910	1.27614	1.03022	8.17784	97.09636	63.05339	91.79688
0.07905	1.28426	1.03990	8.21822	97.51302	62.40234	90.91797
0.09089	1.27031	1.04268	8.18593	97.19402	64.38802	89.90885
0.08837	1.26697	1.02934	8.06216	97.24610	64.22526	91.82943
0.09258	1.27069	1.05090	8.22350	97.05730	63.73698	88.83463
0.09736	1.27691	1.03291	8.19743	96.76433	63.08594	91.34115
0.08380	1.26977	1.04617	8.12181	97.34376	64.45312	89.48568
0.08566	1.27381	1.03221	8.22631	97.40886	63.57422	91.56901
0.08730	1.26582	1.04079	8.06561	97.20052	64.71354	90.23438
0.08976	1.26792	1.03957	8.16716	97.18751	64.51823	89.94141
0.09002	1.26616	1.02760	8.06180	97.10938	64.77865	91.92709
0.08688	1.26923	1.04543	8.20382	97.23308	64.06250	89.45312
